[116.57561,40.04372], 0, Noise
[116.58067,40.04806], 0, Noise
[116.56076,40.03244], 0, Noise
[116.56985,40.03766], 0, Noise
[116.56985,40.03766], 0, Noise
[116.57789,40.04688], 0, Noise
[116.57937,40.04706], 0, Noise
[116.579,40.04747], 0, Noise
[116.55748,40.03069], 0, Noise
[116.58061,40.04802], 0, Noise
[116.55059,40.02822], 0, Noise
[116.57086,40.03852], 0, Noise
[116.57994,40.04788], 0, Noise
[116.57523,40.04341], 0, Noise
[116.57781,40.04594], 0, Noise
[116.28485,39.99919], 0, Noise
[116.28169,40.01009], 0, Noise
[116.27001,40.02771], 0, Noise
[116.26846,40.03138], 0, Noise
[116.28094,40.03178], 0, Noise
[116.28547,40.03273], 0, Noise
[116.30176,40.0315], 0, Noise
[116.30774,40.02229], 0, Noise
[116.30886,40.00111], 0, Noise
[116.30893,39.99878], 0, Noise
[116.5865,40.07927], 0, Noise
[116.63086,39.9044], 0, Noise
[116.53613,40.02323], 0, Noise
[116.58223,40.07494], 0, Noise
[116.5867,40.07698], 0, Noise
[116.58316,40.05939], 0, Noise
[116.58197,40.05124], 0, Noise
[116.58412,40.05736], 0, Noise
[116.58291,40.05364], 0, Noise
[116.58232,40.06739], 0, Noise
[116.6174,39.9057], 0, Noise
[116.59512,39.90798], 0, Noise
[116.60394,39.90741], 0, Noise
[116.582,40.07134], 0, Noise
[116.58407,40.07985], 0, Noise
[116.63713,39.90953], 0, Noise
[116.58247,40.06636], 0, Noise
[116.54383,40.02594], 0, Noise
[116.58198,40.07204], 0, Noise
[116.54773,40.02738], 0, Noise
[116.58309,40.06092], 0, Noise
[116.58266,40.0794], 0, Noise
[116.58447,40.07911], 0, Noise
[116.59985,39.90881], 0, Noise
[116.62556,39.90534], 0, Noise
[116.63319,39.90081], 0, Noise
[116.6014,39.90733], 0, Noise
[116.5397,40.02469], 0, Noise
[116.59778,39.90824], 0, Noise
[116.24695,39.91567], 0, Noise
[116.22868,39.90612], 0, Noise
[116.24694,39.9197], 0, Noise
[116.25517,39.92799], 0, Noise
[116.21514,39.90426], 0, Noise
[116.23269,39.90614], 0, Noise
[116.23082,39.89635], 0, Noise
[116.23054,39.89648], 0, Noise
[116.44923,39.9797], 1, Core
[116.43886,39.95017], 1, Core
[116.44442,39.9547], 1, Core
[116.44346,39.96009], 1, Core
[116.44267,39.96057], 1, Core
[116.44257,39.95988], 1, Core
[116.44503,39.95841], 1, Core
[116.44342,39.95193], 1, Core
[116.44115,39.96143], 1, Core
[116.4405,39.96185], 1, Core
[116.42271,39.96838], 1, Core
[116.44078,39.96097], 1, Core
[116.44404,39.95888], 1, Core
[116.44939,39.95546], 1, Core
[116.40193,39.95221], 1, Core
[116.40181,39.9579], 1, Core
[116.40145,39.97363], 1, Core
[116.40135,39.98086], 1, Core
[116.41107,39.99458], 1, Core
[116.41359,39.99438], 1, Core
[116.41781,39.98772], 1, Core
[116.42954,39.98766], 1, Core
[116.42879,39.96798], 1, Core
[116.43725,39.96342], 1, Core
[116.43689,39.96398], 1, Core
[116.43316,39.98033], 1, Core
[116.43115,39.98633], 1, Core
[116.43027,39.98671], 1, Core
[116.42341,39.98212], 1, Core
[116.42341,39.98212], 1, Core
[116.41444,39.98213], 1, Core
[116.41444,39.98213], 1, Core
[116.40366,39.98177], 1, Core
[116.39782,39.97384], 1, Core
[116.40109,39.97399], 1, Core
[116.39594,39.96863], 1, Core
[116.39573,39.97373], 1, Core
[116.40124,39.98004], 1, Core
[116.43004,39.98775], 1, Core
[116.35289,39.96619], 1, Border
[116.36347,39.98247], 1, Border
[116.36919,39.9858], 1, Border
[116.37432,39.96818], 1, Core
[116.44211,39.96009], 1, Core
[116.44834,39.95616], 1, Core
[116.40197,39.95148], 1, Core
[116.40172,39.95741], 1, Core
[116.39087,39.9619], 1, Core
[116.39054,39.96187], 1, Core
[116.3776,39.96688], 1, Core
[116.35998,39.96645], 1, Core
[116.30708,39.96292], 1, Border
[116.30062,39.96886], 1, Border
[116.3297,39.99154], 1, Border
[116.33432,39.99043], 1, Border
[116.37376,39.98624], 1, Border
[116.39179,39.98674], 1, Border
[116.4442,39.98228], 1, Core
[116.44353,39.9721], 1, Core
[116.44333,39.97118], 1, Core
[116.44847,39.979], 1, Core
[116.44847,39.979], 1, Core
[116.43118,39.98806], 1, Core
[116.43118,39.98806], 1, Core
[116.41865,39.98787], 1, Core
[116.41792,39.9934], 1, Core
[116.41773,39.98787], 1, Core
[116.42748,39.98218], 1, Core
[116.36392,39.96679], 1, Core
[116.44475,39.95324], 1, Core
[116.41908,39.95209], 1, Core
[116.41906,39.95479], 1, Core
[116.412,39.96582], 1, Core
[116.412,39.96582], 1, Core
[116.41186,39.96736], 1, Core
[116.38617,39.96745], 1, Core
[116.37528,39.96709], 1, Core
[116.36364,39.98018], 1, Border
[116.36364,39.98018], 1, Border
[116.36413,39.98049], 1, Border
[116.36341,39.98089], 1, Border
[116.36351,39.97744], 1, Border
[116.34793,39.96645], 1, Border
[116.33638,39.96653], 1, Border
[116.35883,39.84292], 1, Core
[116.42174,39.83097], 1, Core
[116.41076,39.83099], 1, Core
[116.39512,39.82268], 1, Core
[116.39516,39.822], 1, Border
[116.39601,39.80646], 1, Border
[116.39626,39.80351], 1, Border
[116.39229,39.7915], 1, Border
[116.39145,39.7899], 1, Border
[116.38921,39.80046], 1, Border
[116.39642,39.81015], 1, Border
[116.39631,39.81256], 1, Border
[116.39534,39.82989], 1, Core
[116.39496,39.8369], 1, Core
[116.39496,39.8369], 1, Core
[116.3943,39.84951], 1, Core
[116.35677,39.84458], 1, Core
[116.35567,39.84455], 1, Core
[116.4409,39.8428], 1, Core
[116.40834,39.84695], 1, Core
[116.40957,39.84587], 1, Core
[116.3423,39.84941], 1, Core
[116.35325,39.84442], 1, Core
[116.35325,39.84442], 1, Core
[116.55692,39.9231], 1, Border
[116.52989,39.91537], 1, Core
[116.53174,39.91536], 1, Core
[116.58425,39.91108], 1, Border
[116.51525,39.9159], 1, Core
[116.54256,39.91501], 1, Border
[116.57738,39.91294], 1, Border
[116.5119,39.92192], 1, Core
[116.50198,39.93539], 1, Core
[116.51127,39.93078], 1, Core
[116.50062,39.90666], 1, Core
[116.54559,39.91474], 1, Border
[116.54716,39.92268], 1, Border
[116.50661,39.9145], 1, Core
[116.51523,39.91522], 1, Core
[116.51238,39.91654], 1, Core
[116.57752,39.91269], 1, Border
[116.51167,39.92152], 1, Core
[116.50914,40.01155], 1, Border
[116.50592,40.00837], 1, Border
[116.57156,39.90263], 1, Border
[116.51135,39.93883], 1, Core
[116.51629,39.90905], 1, Core
[116.57833,39.91297], 1, Border
[116.51059,40.01303], 1, Border
[116.51118,39.9258], 1, Core
[116.51509,39.92262], 1, Core
[116.52195,39.916], 1, Core
[116.51471,39.91661], 1, Core
[116.51672,39.90887], 1, Core
[116.50968,39.92205], 1, Core
[116.57792,39.9129], 1, Border
[116.51731,39.91134], 1, Core
[116.5094,39.90679], 1, Core
[116.52231,39.91588], 1, Core
[116.5727,39.91361], 1, Border
[116.50337,39.90693], 1, Core
[116.58498,39.91226], 1, Border
[116.50382,39.90692], 1, Core
[116.53787,39.915], 1, Border
[116.58451,39.9262], 1, Border
[116.51172,39.92123], 1, Core
[116.51207,40.01393], 1, Border
[116.51175,39.9155], 1, Core
[116.5411,39.92257], 1, Border
[116.50962,39.91071], 1, Core
[116.51053,40.01257], 1, Border
[116.50407,39.9147], 1, Core
[116.56646,39.92326], 1, Border
[116.56444,39.91445], 1, Border
[116.54723,39.90841], 1, Border
[116.53903,39.91508], 1, Border
[116.50039,39.93588], 1, Core
[116.50789,39.93128], 1, Core
[116.51618,40.01636], 1, Border
[116.50249,40.00557], 1, Border
[116.5531,39.91485], 1, Border
[116.51627,39.91034], 1, Core
[116.56668,39.91402], 1, Border
[116.50839,39.90916], 1, Core
[116.50432,40.00722], 1, Border
[116.58494,39.91964], 1, Border
[116.45522,39.9322], 1, Core
[116.41163,39.90773], 1, Core
[116.43341,39.93972], 1, Core
[116.43007,39.90846], 1, Core
[116.47689,39.98293], 1, Core
[116.42417,39.94841], 1, Core
[116.45471,39.91178], 1, Core
[116.40063,39.91134], 1, Core
[116.46123,39.97769], 1, Core
[116.42611,39.90544], 1, Core
[116.44417,39.91646], 1, Core
[116.35992,39.92252], 1, Core
[116.41219,39.91058], 1, Core
[116.2674,39.92199], 1, Border
[116.45378,39.95328], 1, Core
[116.46939,39.91241], 1, Core
[116.42702,39.94738], 1, Core
[116.46794,39.94389], 1, Core
[116.42987,39.92298], 1, Core
[116.42654,39.92303], 1, Core
[116.42793,39.93216], 1, Core
[116.42992,39.90361], 1, Core
[116.32902,39.90884], 1, Core
[116.42504,39.91414], 1, Core
[116.4472,39.90833], 1, Core
[116.46539,39.98307], 1, Core
[116.41075,39.93956], 1, Core
[116.42135,39.9034], 1, Core
[116.48394,39.90847], 1, Core
[116.48389,39.94051], 1, Core
[116.3301,39.93692], 1, Core
[116.45522,39.94837], 1, Core
[116.42775,39.93656], 1, Core
[116.42059,39.90385], 1, Core
[116.45773,40.00276], 1, Core
[116.34998,39.92604], 1, Core
[116.35206,39.9391], 1, Core
[116.3502,39.90025], 1, Core
[116.41802,39.91627], 1, Core
[116.43625,39.90894], 1, Core
[116.39359,39.92208], 1, Core
[116.40062,39.90955], 1, Core
[116.44395,39.92603], 1, Core
[116.47186,39.91248], 1, Core
[116.45423,39.9067], 1, Core
[116.45812,39.90341], 1, Core
[116.46638,39.90383], 1, Core
[116.47557,39.96983], 1, Core
[116.40477,39.91411], 1, Core
[116.25788,39.92787], 1, Border
[116.42207,39.94836], 1, Core
[116.37549,39.91288], 1, Core
[116.45519,39.91569], 1, Core
[116.41917,39.90346], 1, Core
[116.40991,39.90416], 1, Core
[116.43791,39.93969], 1, Core
[116.47272,39.99651], 1, Core
[116.46199,39.99559], 1, Core
[116.45355,39.95317], 1, Core
[116.41809,39.91581], 1, Core
[116.47939,39.92168], 1, Core
[116.48273,39.9717], 1, Core
[116.30604,39.92269], 1, Core
[116.42337,39.90727], 1, Core
[116.41369,39.91558], 1, Core
[116.4294,39.90748], 1, Core
[116.4633,39.91104], 1, Core
[116.46105,39.96903], 1, Core
[116.44439,39.91148], 1, Core
[116.47237,39.90716], 1, Core
[116.42959,39.90804], 1, Core
[116.4279,39.93427], 1, Core
[116.45607,39.9275], 1, Core
[116.45926,39.96878], 1, Core
[116.41083,39.93482], 1, Core
[116.45208,39.91211], 1, Core
[116.47838,39.95548], 1, Core
[116.45658,39.93254], 1, Core
[116.45372,39.95324], 1, Core
[116.47216,39.92131], 1, Core
[116.34987,39.94911], 1, Core
[116.4276,39.94788], 1, Core
[116.43206,39.9228], 1, Core
[116.44434,39.93101], 1, Core
[116.4864,39.91411], 1, Core
[116.40081,39.90317], 1, Core
[116.42745,39.93771], 1, Core
[116.32508,39.93711], 1, Core
[116.4802,39.96985], 1, Core
[116.49555,39.99947], 1, Border
[116.4741,39.91413], 1, Core
[116.37333,39.93153], 1, Core
[116.47097,39.97674], 1, Core
[116.45543,39.9322], 1, Core
[116.46121,39.92813], 1, Core
[116.44031,39.91189], 1, Core
[116.40199,39.94955], 1, Core
[116.44283,39.91187], 1, Core
[116.37914,39.94755], 1, Core
[116.31561,39.9311], 1, Core
[116.46814,39.98886], 1, Core
[116.38288,39.94764], 1, Core
[116.4546,39.98414], 1, Core
[116.49844,39.91453], 1, Core
[116.37582,39.90916], 1, Core
[116.43479,39.94799], 1, Core
[116.44473,39.92163], 1, Core
[116.33233,39.92192], 1, Core
[116.45448,39.90566], 1, Core
[116.40999,39.9092], 1, Core
[116.40603,39.9036], 1, Core
[116.43786,39.93983], 1, Core
[116.38751,39.92215], 1, Core
[116.48738,39.99187], 1, Core
[116.45378,39.94771], 1, Core
[116.34948,39.92116], 1, Core
[116.45527,39.95], 1, Core
[116.35425,39.9042], 1, Core
[116.4115,39.9158], 1, Core
[116.31528,39.90425], 1, Core
[116.44964,39.90694], 1, Core
[116.45572,39.91279], 1, Core
[116.35242,39.94331], 1, Core
[116.43272,39.94208], 1, Core
[116.4729,39.90691], 1, Core
[116.38562,39.90693], 1, Core
[116.48656,39.91447], 1, Core
[116.45243,39.94008], 1, Core
[116.31529,39.90557], 1, Core
[116.35627,39.91259], 1, Core
[116.42998,39.90339], 1, Core
[116.41166,39.90955], 1, Core
[116.39031,39.92707], 1, Core
[116.4609,39.9261], 1, Core
[116.45181,39.90779], 1, Core
[116.44922,39.92884], 1, Core
[116.4443,39.93021], 1, Core
[116.42758,39.93564], 1, Core
[116.46306,39.9325], 1, Core
[116.45579,39.90076], 1, Core
[116.48361,39.95176], 1, Core
[116.45546,39.95465], 1, Core
[116.45187,39.95994], 1, Core
[116.46175,39.99519], 1, Core
[116.42756,39.94623], 1, Core
[116.44432,39.93033], 1, Core
[116.4705,39.90674], 1, Core
[116.35042,39.9015], 1, Core
[116.39672,39.91392], 1, Core
[116.42972,39.90659], 1, Core
[116.47617,39.93215], 1, Core
[116.47949,39.92161], 1, Core
[116.45649,39.94257], 1, Core
[116.49968,39.91468], 1, Core
[116.41197,39.9036], 1, Core
[116.45887,39.94276], 1, Core
[116.42502,39.91405], 1, Core
[116.3937,39.93215], 1, Core
[116.4441,39.90807], 1, Core
[116.42913,39.93937], 1, Core
[116.42795,39.93097], 1, Core
[116.44429,39.93023], 1, Core
[116.38238,39.93186], 1, Core
[116.43421,39.90708], 1, Core
[116.47179,39.92762], 1, Core
[116.48872,39.96184], 1, Core
[116.46352,39.91971], 1, Core
[116.45507,39.90327], 1, Core
[116.41142,39.90673], 1, Core
[116.44076,39.94948], 1, Core
[116.47556,39.92172], 1, Core
[116.36809,39.90238], 1, Core
[116.45849,39.90324], 1, Core
[116.47851,39.90706], 1, Core
[116.32846,39.90973], 1, Core
[116.45173,39.91528], 1, Core
[116.40053,39.90782], 1, Core
[116.47005,39.9269], 1, Core
[116.46455,39.96358], 1, Core
[116.45492,39.90179], 1, Core
[116.45554,39.95485], 1, Core
[116.33932,39.92189], 1, Core
[116.47194,39.90773], 1, Core
[116.40076,39.90422], 1, Core
[116.48245,39.90531], 1, Core
[116.33857,39.90584], 1, Core
[116.45509,39.91179], 1, Core
[116.46655,39.99331], 1, Core
[116.37616,39.90805], 1, Core
[116.48328,39.91419], 1, Core
[116.38896,39.94768], 1, Core
[116.45191,39.90524], 1, Core
[116.45531,39.91317], 1, Core
[116.49705,39.90693], 1, Core
[116.46,39.98753], 1, Core
[116.43523,39.92163], 1, Core
[116.33925,39.93981], 1, Core
[116.34691,39.92226], 1, Core
[116.44382,39.90957], 1, Core
[116.45377,39.96175], 1, Core
[116.43008,39.9029], 1, Core
[116.42827,39.92556], 1, Core
[116.4364,39.93997], 1, Core
[116.44152,39.93236], 1, Core
[116.28772,39.91604], 1, Border
[116.4394,39.9192], 1, Core
[116.42977,39.90246], 1, Core
[116.2829,39.94584], 1, Border
[116.48077,39.98662], 1, Core
[116.47163,39.90368], 1, Core
[116.39408,39.94774], 1, Core
[116.40047,39.92594], 1, Core
[116.4559,39.92201], 1, Core
[116.44042,39.9218], 1, Core
[116.37329,39.93601], 1, Core
[116.47841,39.97461], 1, Core
[116.45476,39.9064], 1, Core
[116.34631,39.90541], 1, Core
[116.43161,39.92234], 1, Core
[116.48233,39.9068], 1, Core
[116.34904,39.94131], 1, Core
[116.32828,39.90544], 1, Core
[116.43024,39.90047], 1, Core
[116.47696,39.97553], 1, Core
[116.42173,39.90341], 1, Core
[116.44847,39.93245], 1, Core
[116.45496,39.90346], 1, Core
[116.44396,39.908], 1, Core
[116.3232,39.93107], 1, Core
[116.4592,39.90698], 1, Core
[116.34723,39.92689], 1, Core
[116.35138,39.911], 1, Core
[116.45517,39.92252], 1, Core
[116.4276,39.94513], 1, Core
[116.45458,39.92156], 1, Core
[116.28892,39.91138], 1, Border
[116.46176,39.92203], 1, Core
[116.45507,39.90035], 1, Core
[116.45286,39.98352], 1, Core
[116.49543,39.92194], 1, Core
[116.48503,39.91422], 1, Core
[116.44455,39.93993], 1, Core
[116.43983,39.92112], 1, Core
[116.44482,39.92565], 1, Core
[116.48366,39.97878], 1, Core
[116.42898,39.91092], 1, Core
[116.45094,39.93667], 1, Core
[116.47554,39.98212], 1, Core
[116.43148,39.9025], 1, Core
[116.26975,39.92127], 1, Border
[116.43019,39.93909], 1, Core
[116.37293,39.94758], 1, Core
[116.42234,39.90685], 1, Core
[116.43755,39.92648], 1, Core
[116.48811,39.96083], 1, Core
[116.49706,39.93468], 1, Core
[116.45541,39.97645], 1, Core
[116.45082,39.94714], 1, Core
[116.49717,39.93478], 1, Core
[116.35762,39.93532], 1, Core
[116.42075,39.91099], 1, Core
[116.39352,39.92199], 1, Core
[116.4302,39.91176], 1, Core
[116.46396,39.99133], 1, Core
[116.42843,39.90776], 1, Core
[116.45525,39.90946], 1, Core
[116.40433,39.94796], 1, Core
[116.38305,39.90062], 1, Core
[116.43316,39.92555], 1, Core
[116.41173,39.90953], 1, Core
[116.44414,39.91264], 1, Core
[116.33574,39.90126], 1, Core
[116.46519,39.97471], 1, Core
[116.41807,39.91637], 1, Core
[116.4566,39.93234], 1, Core
[116.4283,39.91936], 1, Core
[116.36291,39.91675], 1, Core
[116.45532,39.9446], 1, Core
[116.46902,39.99531], 1, Core
[116.4554,39.90294], 1, Core
[116.42114,39.9071], 1, Core
[116.42754,39.94229], 1, Core
[116.45507,39.90025], 1, Core
[116.45466,39.90663], 1, Core
[116.455,39.90572], 1, Core
[116.45617,39.92201], 1, Core
[116.4667,39.99374], 1, Core
[116.4181,39.91635], 1, Core
[116.41214,39.90059], 1, Core
[116.45083,39.94719], 1, Core
[116.42931,39.91038], 1, Core
[116.44031,39.92084], 1, Core
[116.45025,39.95472], 1, Core
[116.4201,39.9144], 1, Core
[116.43767,39.93389], 1, Core
[116.444,39.92027], 1, Core
[116.29599,39.90632], 1, Border
[116.49157,39.99571], 1, Border
[116.45053,39.90726], 1, Core
[116.4319,39.93239], 1, Core
[116.4007,39.90045], 1, Core
[116.47016,39.92677], 1, Core
[116.42559,39.94827], 1, Core
[116.4446,39.92156], 1, Core
[116.42847,39.92032], 1, Core
[116.45768,39.97357], 1, Core
[116.4997,40.00278], 1, Border
[116.45512,39.92066], 1, Core
[116.49721,39.93482], 1, Core
[116.44429,39.92961], 1, Core
[116.34789,39.93885], 1, Core
[116.45579,39.92845], 1, Core
[116.44961,39.90748], 1, Core
[116.37579,39.9311], 1, Core
[116.4301,39.93849], 1, Core
[116.45478,39.90392], 1, Core
[116.45514,39.90361], 1, Core
[116.46515,39.915], 1, Core
[116.4098,39.90627], 1, Core
[116.43418,39.9071], 1, Core
[116.40981,39.90146], 1, Core
[116.43561,39.9071], 1, Core
[116.4835,39.98101], 1, Core
[116.45548,39.9224], 1, Core
[116.4747,39.92158], 1, Core
[116.47488,39.9072], 1, Core
[116.47265,39.91452], 1, Core
[116.45451,39.90568], 1, Core
[116.39643,39.92064], 1, Core
[116.471,39.91039], 1, Core
[116.43986,39.92531], 1, Core
[116.49293,39.93048], 1, Core
[116.46305,39.96147], 1, Core
[116.47191,39.90577], 1, Core
[116.35608,39.94432], 1, Core
[116.48081,39.98595], 1, Core
[116.43253,39.9326], 1, Core
[116.41933,39.91564], 1, Core
[116.37426,39.91311], 1, Core
[116.45565,39.91432], 1, Core
[116.45678,39.91749], 1, Core
[116.45513,39.92829], 1, Core
[116.48364,39.92174], 1, Core
[116.39928,39.93945], 1, Core
[116.45527,39.93878], 1, Core
[116.44439,39.91172], 1, Core
[116.34938,39.93575], 1, Core
[116.44611,39.93232], 1, Core
[116.44405,39.90785], 1, Core
[116.45548,39.91179], 1, Core
[116.33929,39.93789], 1, Core
[116.41171,39.91402], 1, Core
[116.46047,39.92795], 1, Core
[116.45527,39.94107], 1, Core
[116.45573,39.90891], 1, Core
[116.3757,39.92902], 1, Core
[116.43653,39.90566], 1, Core
[116.42871,39.91976], 1, Core
[116.45594,39.91793], 1, Core
[116.40992,39.90138], 1, Core
[116.47331,39.93233], 1, Core
[116.49939,39.91455], 1, Core
[116.40549,39.90038], 1, Core
[116.45918,39.90374], 1, Core
[116.4491,39.92646], 1, Core
[116.45677,39.97782], 1, Core
[116.40569,39.90358], 1, Core
[116.36991,39.94758], 1, Core
[116.44477,39.93244], 1, Core
[116.44414,39.90706], 1, Core
[116.48006,39.95789], 1, Core
[116.41398,39.90013], 1, Core
[116.45174,39.90764], 1, Core
[116.47284,39.97043], 1, Core
[116.48347,39.91296], 1, Core
[116.48978,39.90706], 1, Core
[116.4545,39.90741], 1, Core
[116.38554,39.9082], 1, Core
[116.39328,39.92415], 1, Core
[116.45544,39.90629], 1, Core
[116.4668,39.92897], 1, Core
[116.29444,39.94424], 1, Border
[116.44946,39.93247], 1, Core
[116.4049,39.91659], 1, Core
[116.43777,39.90734], 1, Core
[116.35031,39.90114], 1, Core
[116.42943,39.90361], 1, Core
[116.44416,39.93572], 1, Core
[116.42972,39.90726], 1, Core
[116.35549,39.94408], 1, Core
[116.37843,39.92109], 1, Core
[116.44892,39.92719], 1, Core
[116.45453,39.95392], 1, Core
[116.4143,39.92298], 1, Core
[116.45442,39.90463], 1, Core
[116.42804,39.91411], 1, Core
[116.32263,39.92194], 1, Core
[116.35209,39.92238], 1, Core
[116.41211,39.90018], 1, Core
[116.46651,39.91481], 1, Core
[116.38543,39.9004], 1, Core
[116.46055,39.928], 1, Core
[116.35751,39.92245], 1, Core
[116.47511,39.91397], 1, Core
[116.32995,39.90169], 1, Core
[116.41081,39.93225], 1, Core
[116.45481,39.90378], 1, Core
[116.41209,39.90198], 1, Core
[116.45555,39.90375], 1, Core
[116.45617,39.90531], 1, Core
[116.4847,39.91423], 1, Core
[116.46432,39.9139], 1, Core
[116.36781,39.90616], 1, Core
[116.29417,39.94454], 1, Border
[116.43808,39.9069], 1, Core
[116.33625,39.90014], 1, Core
[116.42929,39.90914], 1, Core
[116.45452,39.93618], 1, Core
[116.45348,39.92281], 1, Core
[116.46148,40.00013], 1, Core
[116.44052,39.93995], 1, Core
[116.43753,39.9356], 1, Core
[116.48064,39.90731], 1, Core
[116.34332,39.93102], 1, Core
[116.27915,39.94441], 1, Border
[116.48927,39.91407], 1, Core
[116.45523,39.92641], 1, Core
[116.44757,39.90252], 1, Core
[116.41521,39.91067], 1, Core
[116.41918,39.93966], 1, Core
[116.3653,39.93349], 1, Core
[116.4765,39.98179], 1, Core
[116.31565,39.90625], 1, Core
[116.45594,39.9276], 1, Core
[116.46003,39.95883], 1, Core
[116.47082,39.90315], 1, Core
[116.41814,39.91632], 1, Core
[116.38529,39.91142], 1, Core
[116.4635,39.91955], 1, Core
[116.41159,39.90707], 1, Core
[116.41053,39.90007], 1, Core
[116.41216,39.90702], 1, Core
[116.49592,39.91741], 1, Core
[116.48333,39.97133], 1, Core
[116.47237,39.90715], 1, Core
[116.47822,39.92153], 1, Core
[116.41811,39.91632], 1, Core
[116.46446,39.97418], 1, Core
[116.42925,39.93241], 1, Core
[116.48401,39.98859], 1, Core
[116.42432,39.92302], 1, Core
[116.35982,39.94546], 1, Core
[116.44419,39.92078], 1, Core
[116.49344,39.91441], 1, Core
[116.42777,39.90369], 1, Core
[116.33866,39.91806], 1, Core
[116.44426,39.9262], 1, Core
[116.35303,39.90771], 1, Core
[116.47179,39.90718], 1, Core
[116.39019,39.92849], 1, Core
[116.49284,39.93422], 1, Core
[116.4277,39.93528], 1, Core
[116.4399,39.92429], 1, Core
[116.45524,39.93292], 1, Core
[116.45544,39.90436], 1, Core
[116.33743,39.92674], 1, Core
[116.44434,39.91649], 1, Core
[116.41563,39.9462], 1, Core
[116.42942,39.92315], 1, Core
[116.41179,39.91372], 1, Core
[116.43029,39.90205], 1, Core
[116.37108,39.9219], 1, Core
[116.32279,39.90512], 1, Core
[116.4722,39.92752], 1, Core
[116.45286,39.90672], 1, Core
[116.45553,39.90672], 1, Core
[116.45554,39.90091], 1, Core
[116.49625,39.9146], 1, Core
[116.44413,39.91661], 1, Core
[116.32984,39.9026], 1, Core
[116.40048,39.91262], 1, Core
[116.45565,39.90723], 1, Core
[116.4639,39.91534], 1, Core
[116.36679,39.94741], 1, Core
[116.42057,39.90393], 1, Core
[116.42958,39.90762], 1, Core
[116.48347,39.91954], 1, Core
[116.39704,39.90709], 1, Core
[116.46086,39.9162], 1, Core
[116.42734,39.9469], 1, Core
[116.33637,39.90106], 1, Core
[116.49339,39.97406], 1, Core
[116.41917,39.9035], 1, Core
[116.39354,39.92203], 1, Core
[116.42862,39.91839], 1, Core
[116.45545,39.93333], 1, Core
[116.37558,39.9119], 1, Core
[116.45522,39.92895], 1, Core
[116.42076,39.91383], 1, Core
[116.45552,39.90032], 1, Core
[116.45626,39.9052], 1, Core
[116.36645,39.9335], 1, Core
[116.41963,39.93871], 1, Core
[116.35845,39.91748], 1, Core
[116.4285,39.91294], 1, Core
[116.4553,39.9301], 1, Core
[116.44921,39.92884], 1, Core
[116.4839,39.91906], 1, Core
[116.42853,39.9194], 1, Core
[116.35021,39.90097], 1, Core
[116.45566,39.93834], 1, Core
[116.42184,39.90723], 1, Core
[116.48343,39.91442], 1, Core
[116.39877,39.93219], 1, Core
[116.42174,39.90341], 1, Core
[116.41803,39.91628], 1, Core
[116.45526,39.92951], 1, Core
[116.43447,39.94806], 1, Core
[116.44393,39.91576], 1, Core
[116.4035,39.93942], 1, Core
[116.49723,39.93479], 1, Core
[116.44047,39.92559], 1, Core
[116.35991,39.94544], 1, Core
[116.42923,39.9037], 1, Core
[116.496,39.92708], 1, Core
[116.40541,39.90085], 1, Core
[116.45105,39.90726], 1, Core
[116.45591,39.90473], 1, Core
[116.45531,39.9481], 1, Core
[116.45501,39.94397], 1, Core
[116.45014,39.93243], 1, Core
[116.30363,39.9403], 1, Border
[116.46526,39.95104], 1, Core
[116.49595,39.92055], 1, Core
[116.45628,39.90733], 1, Core
[116.42837,39.93287], 1, Core
[116.37777,39.90277], 1, Core
[116.44406,39.90758], 1, Core
[116.47354,39.98849], 1, Core
[116.42789,39.93279], 1, Core
[116.49605,39.9995], 1, Border
[116.4558,39.90326], 1, Core
[116.44397,39.90731], 1, Core
[116.42792,39.94534], 1, Core
[116.43597,39.92573], 1, Core
[116.45419,39.95203], 1, Core
[116.47176,39.92155], 1, Core
[116.4949,39.99839], 1, Border
[116.49714,39.91482], 1, Core
[116.35088,39.90203], 1, Core
[116.33668,39.90585], 1, Core
[116.27908,39.94509], 1, Border
[116.46249,39.92864], 1, Core
[116.4528,39.95353], 1, Core
[116.32946,39.90539], 1, Core
[116.38752,39.92215], 1, Core
[116.41531,39.90115], 1, Core
[116.48572,39.93235], 1, Core
[116.45677,39.96421], 1, Core
[116.48366,39.94303], 1, Core
[116.33928,39.90175], 1, Core
[116.43663,39.9462], 1, Core
[116.47217,39.92498], 1, Core
[116.48535,39.92203], 1, Core
[116.46894,39.91277], 1, Core
[116.47733,39.97448], 1, Core
[116.45535,39.87985], 1, Core
[116.44961,39.89204], 1, Core
[116.45406,39.88306], 1, Core
[116.41487,39.85573], 1, Core
[116.42717,39.89954], 1, Core
[116.4578,39.88109], 1, Core
[116.49861,39.89401], 1, Core
[116.45576,39.86694], 1, Core
[116.41104,39.89554], 1, Core
[116.43903,39.88603], 1, Core
[116.49295,39.82252], 1, Border
[116.47108,39.87003], 1, Core
[116.44985,39.87786], 1, Core
[116.4058,39.89854], 1, Core
[116.45488,39.87897], 1, Core
[116.46168,39.87965], 1, Core
[116.45762,39.88096], 1, Core
[116.44202,39.8924], 1, Core
[116.43036,39.89239], 1, Core
[116.45292,39.88299], 1, Core
[116.46159,39.87532], 1, Core
[116.37829,39.89497], 1, Core
[116.35732,39.88897], 1, Core
[116.41175,39.89458], 1, Core
[116.45892,39.88097], 1, Core
[116.45556,39.88474], 1, Core
[116.42448,39.89222], 1, Core
[116.45629,39.88071], 1, Core
[116.45528,39.87971], 1, Core
[116.33059,39.89606], 1, Core
[116.3978,39.89118], 1, Core
[116.4759,39.82297], 1, Core
[116.46018,39.88052], 1, Core
[116.43987,39.88317], 1, Core
[116.45551,39.89154], 1, Core
[116.41445,39.88003], 1, Core
[116.42623,39.89616], 1, Core
[116.46013,39.88304], 1, Core
[116.3659,39.88795], 1, Core
[116.45001,39.88212], 1, Core
[116.44296,39.89213], 1, Core
[116.42206,39.86437], 1, Core
[116.45485,39.88333], 1, Core
[116.40029,39.89935], 1, Core
[116.45561,39.89505], 1, Core
[116.48112,39.87482], 1, Core
[116.43826,39.89089], 1, Core
[116.47133,39.89382], 1, Core
[116.4496,39.88832], 1, Core
[116.46671,39.86658], 1, Core
[116.45494,39.87676], 1, Core
[116.45753,39.88088], 1, Core
[116.41188,39.89578], 1, Core
[116.38956,39.88942], 1, Core
[116.47105,39.88386], 1, Core
[116.44298,39.88341], 1, Core
[116.33379,39.89627], 1, Core
[116.45581,39.89838], 1, Core
[116.44252,39.87478], 1, Core
[116.44329,39.88332], 1, Core
[116.43242,39.88301], 1, Core
[116.38946,39.89868], 1, Core
[116.44952,39.89255], 1, Core
[116.26828,39.88552], 1, Border
[116.42508,39.88277], 1, Core
[116.40135,39.88864], 1, Core
[116.37177,39.88818], 1, Core
[116.36829,39.86907], 1, Core
[116.45559,39.88979], 1, Core
[116.43854,39.89337], 1, Core
[116.44225,39.88344], 1, Core
[116.43892,39.88715], 1, Core
[116.45478,39.87959], 1, Core
[116.4496,39.89045], 1, Core
[116.43371,39.89086], 1, Core
[116.33727,39.89647], 1, Core
[116.44972,39.87491], 1, Core
[116.45595,39.89224], 1, Core
[116.44439,39.85714], 1, Core
[116.43061,39.86457], 1, Core
[116.42137,39.89396], 1, Core
[116.4715,39.89221], 1, Core
[116.35334,39.88809], 1, Core
[116.32914,39.88858], 1, Core
[116.48337,39.8905], 1, Core
[116.45217,39.89635], 1, Core
[116.41976,39.89599], 1, Core
[116.36853,39.89449], 1, Core
[116.44324,39.85727], 1, Core
[116.48335,39.89111], 1, Core
[116.3573,39.88521], 1, Core
[116.44715,39.88308], 1, Core
[116.48237,39.86544], 1, Core
[116.48106,39.86022], 1, Core
[116.39823,39.89927], 1, Core
[116.43209,39.89841], 1, Core
[116.41199,39.89965], 1, Core
[116.42808,39.87961], 1, Core
[116.44953,39.87492], 1, Core
[116.42105,39.89194], 1, Core
[116.35725,39.89022], 1, Core
[116.42417,39.89938], 1, Core
[116.38119,39.88201], 1, Core
[116.37724,39.88803], 1, Core
[116.46617,39.88314], 1, Core
[116.36847,39.86868], 1, Core
[116.40533,39.89943], 1, Core
[116.43036,39.88307], 1, Core
[116.45479,39.88175], 1, Core
[116.32244,39.89604], 1, Core
[116.34265,39.8931], 1, Core
[116.43333,39.85764], 1, Core
[116.36182,39.86681], 1, Core
[116.4665,39.89566], 1, Core
[116.44463,39.87675], 1, Core
[116.49863,39.86934], 1, Core
[116.46443,39.86662], 1, Core
[116.45437,39.88314], 1, Core
[116.43611,39.85737], 1, Core
[116.44913,39.88314], 1, Core
[116.38343,39.86935], 1, Core
[116.41498,39.87527], 1, Core
[116.46603,39.84263], 1, Core
[116.44324,39.89803], 1, Core
[116.39408,39.85591], 1, Core
[116.3007,39.88048], 1, Border
[116.47759,39.8449], 1, Core
[116.39132,39.87561], 1, Core
[116.42127,39.89536], 1, Core
[116.43391,39.89791], 1, Core
[116.29783,39.89589], 1, Border
[116.4555,39.86674], 1, Core
[116.45558,39.87009], 1, Core
[116.45502,39.88303], 1, Core
[116.49386,39.87645], 1, Core
[116.3941,39.89727], 1, Core
[116.4212,39.89599], 1, Core
[116.45474,39.87764], 1, Core
[116.41709,39.85655], 1, Core
[116.43037,39.88302], 1, Core
[116.45551,39.86715], 1, Core
[116.3839,39.8819], 1, Core
[116.47036,39.87276], 1, Core
[116.42467,39.88763], 1, Core
[116.39472,39.89339], 1, Core
[116.41405,39.89164], 1, Core
[116.44225,39.89216], 1, Core
[116.41623,39.89587], 1, Core
[116.41444,39.88187], 1, Core
[116.36955,39.85575], 1, Core
[116.46197,39.88311], 1, Core
[116.43328,39.89223], 1, Core
[116.42438,39.86332], 1, Core
[116.44923,39.88465], 1, Core
[116.44944,39.88326], 1, Core
[116.43543,39.85263], 1, Core
[116.34979,39.8977], 1, Core
[116.45445,39.8669], 1, Core
[116.45472,39.87197], 1, Core
[116.47119,39.88537], 1, Core
[116.47144,39.89943], 1, Core
[116.41181,39.85586], 1, Core
[116.45267,39.88377], 1, Core
[116.38033,39.88795], 1, Core
[116.36734,39.88781], 1, Core
[116.45865,39.88105], 1, Core
[116.44781,39.88353], 1, Core
[116.46161,39.87616], 1, Core
[116.4581,39.88069], 1, Core
[116.455,39.86857], 1, Core
[116.40051,39.89111], 1, Core
[116.35148,39.88805], 1, Core
[116.40728,39.887], 1, Core
[116.47166,39.89197], 1, Core
[116.26813,39.89206], 1, Border
[116.39454,39.8855], 1, Core
[116.49651,39.89207], 1, Core
[116.42106,39.89847], 1, Core
[116.42585,39.8581], 1, Core
[116.40954,39.89973], 1, Core
[116.45251,39.8831], 1, Core
[116.45,39.88428], 1, Core
[116.46148,39.88318], 1, Core
[116.42095,39.8921], 1, Core
[116.4496,39.88657], 1, Core
[116.45645,39.89955], 1, Core
[116.45556,39.8832], 1, Core
[116.45427,39.88317], 1, Core
[116.34121,39.89652], 1, Core
[116.44518,39.88322], 1, Core
[116.36467,39.88791], 1, Core
[116.40157,39.8995], 1, Core
[116.36542,39.89839], 1, Core
[116.3807,39.85097], 1, Core
[116.45753,39.88094], 1, Core
[116.49143,39.8777], 1, Core
[116.4018,39.89127], 1, Core
[116.46708,39.84569], 1, Core
[116.41529,39.86824], 1, Core
[116.46159,39.87651], 1, Core
[116.40395,39.89944], 1, Core
[116.47235,39.84073], 1, Core
[116.45523,39.89042], 1, Core
[116.38014,39.89865], 1, Core
[116.49155,39.87773], 1, Core
[116.48135,39.8918], 1, Core
[116.43082,39.87996], 1, Core
[116.44084,39.8832], 1, Core
[116.45526,39.88112], 1, Core
[116.31606,39.89607], 1, Core
[116.39413,39.85653], 1, Core
[116.45245,39.87486], 1, Core
[116.3852,39.89874], 1, Core
[116.43116,39.87658], 1, Core
[116.4124,39.89438], 1, Core
[116.44949,39.88722], 1, Core
[116.45486,39.87602], 1, Core
[116.38119,39.88172], 1, Core
[116.41132,39.85593], 1, Core
[116.46154,39.87664], 1, Core
[116.45075,39.87495], 1, Core
[116.41587,39.85668], 1, Core
[116.45433,39.86591], 1, Core
[116.46787,39.89231], 1, Core
[116.43631,39.85748], 1, Core
[116.43464,39.89786], 1, Core
[116.43933,39.85697], 1, Core
[116.39278,39.88513], 1, Core
[116.4554,39.88469], 1, Core
[116.38875,39.88221], 1, Core
[116.38963,39.89871], 1, Core
[116.45494,39.8732], 1, Core
[116.37897,39.89889], 1, Core
[116.45521,39.87949], 1, Core
[116.47397,39.89202], 1, Core
[116.45007,39.88609], 1, Core
[116.41218,39.89573], 1, Core
[116.30135,39.89587], 1, Core
[116.46882,39.87476], 1, Core
[116.40805,39.86057], 1, Core
[116.43285,39.89309], 1, Core
[116.43685,39.89735], 1, Core
[116.44533,39.88034], 1, Core
[116.45402,39.88655], 1, Core
[116.37116,39.88784], 1, Core
[116.36149,39.8985], 1, Core
[116.45483,39.88315], 1, Core
[116.37505,39.88789], 1, Core
[116.44998,39.87957], 1, Core
[116.46177,39.88019], 1, Core
[116.46076,39.87487], 1, Core
[116.38273,39.89883], 1, Core
[116.42973,39.86456], 1, Core
[116.39418,39.89894], 1, Core
[116.41185,39.89968], 1, Core
[116.37774,39.88798], 1, Core
[116.39263,39.87991], 1, Core
[116.37481,39.88782], 1, Core
[116.40385,39.89119], 1, Core
[116.41253,39.89958], 1, Core
[116.43249,39.89679], 1, Core
[116.40728,39.87071], 1, Core
[116.36861,39.89848], 1, Core
[116.41836,39.89592], 1, Core
[116.40146,39.88677], 1, Core
[116.45774,39.88114], 1, Core
[116.43433,39.89222], 1, Core
[116.29447,39.88831], 1, Border
[116.40682,39.88697], 1, Core
[116.48377,39.84951], 1, Core
[116.46466,39.84804], 1, Core
[116.41232,39.89609], 1, Core
[116.29161,39.88829], 1, Border
[116.34182,39.89649], 1, Core
[116.46164,39.83995], 1, Core
[116.44966,39.89159], 1, Core
[116.39535,39.86409], 1, Core
[116.47108,39.88967], 1, Core
[116.40927,39.88694], 1, Core
[116.45601,39.8807], 1, Core
[116.45576,39.89825], 1, Core
[116.49077,39.80799], 1, Border
[116.35717,39.89246], 1, Core
[116.4493,39.87489], 1, Core
[116.42446,39.89521], 1, Core
[116.46615,39.86807], 1, Core
[116.4555,39.88601], 1, Core
[116.38066,39.85491], 1, Core
[116.4029,39.85546], 1, Core
[116.4555,39.86716], 1, Core
[116.49152,39.89181], 1, Core
[116.45485,39.88371], 1, Core
[116.40917,39.89231], 1, Core
[116.42337,39.89197], 1, Core
[116.41079,39.8946], 1, Core
[116.38868,39.87941], 1, Core
[116.45377,39.89264], 1, Core
[116.3613,39.89832], 1, Core
[116.45524,39.89248], 1, Core
[116.35864,39.89865], 1, Core
[116.40524,39.89147], 1, Core
[116.42036,39.89922], 1, Core
[116.47741,39.84824], 1, Core
[116.41454,39.88009], 1, Core
[116.34872,39.89664], 1, Core
[116.42951,39.89978], 1, Core
[116.45787,39.86674], 1, Core
[116.45776,39.88101], 1, Core
[116.44707,39.85359], 1, Core
[116.44934,39.87495], 1, Core
[116.46168,39.8753], 1, Core
[116.49526,39.87583], 1, Core
[116.44468,39.88244], 1, Core
[116.31848,39.89575], 1, Core
[116.36869,39.89501], 1, Core
[116.35734,39.88863], 1, Core
[116.43308,39.89235], 1, Core
[116.37903,39.85568], 1, Core
[116.36677,39.88798], 1, Core
[116.43824,39.88929], 1, Core
[116.35786,39.85344], 1, Core
[116.44027,39.88038], 1, Core
[116.44384,39.8833], 1, Core
[116.44953,39.89028], 1, Core
[116.46165,39.86874], 1, Core
[116.41695,39.89609], 1, Core
[116.44474,39.87063], 1, Core
[116.44827,39.8614], 1, Core
[116.42555,39.89928], 1, Core
[116.39436,39.86041], 1, Core
[116.45671,39.88644], 1, Core
[116.45535,39.87856], 1, Core
[116.46735,39.89222], 1, Core
[116.45902,39.86664], 1, Core
[116.41147,39.89588], 1, Core
[116.36742,39.86418], 1, Core
[116.44935,39.88321], 1, Core
[116.38054,39.85449], 1, Core
[116.41237,39.89577], 1, Core
[116.48335,39.8868], 1, Core
[116.43182,39.85737], 1, Core
[116.45009,39.87489], 1, Core
[116.40657,39.89971], 1, Core
[116.39392,39.89014], 1, Core
[116.41273,39.8861], 1, Core
[116.44099,39.8833], 1, Core
[116.45555,39.86716], 1, Core
[116.42606,39.88291], 1, Core
[116.46886,39.88313], 1, Core
[116.38669,39.89886], 1, Core
[116.45765,39.88121], 1, Core
[116.4003,39.89934], 1, Core
[116.45314,39.88029], 1, Core
[116.45529,39.88058], 1, Core
[116.44464,39.87645], 1, Core
[116.41264,39.8879], 1, Core
[116.42135,39.894], 1, Core
[116.34283,39.88058], 1, Core
[116.35724,39.88837], 1, Core
[116.30878,39.86632], 1, Border
[116.40437,39.89941], 1, Core
[116.44348,39.89215], 1, Core
[116.4594,39.88062], 1, Core
[116.44472,39.87932], 1, Core
[116.35111,39.86708], 1, Core
[116.45992,39.89203], 1, Core
[116.42045,39.89209], 1, Core
[116.4553,39.87712], 1, Core
[116.43881,39.88787], 1, Core
[116.48364,39.89959], 1, Core
[116.47088,39.87], 1, Core
[116.45826,39.88072], 1, Core
[116.3678,39.89847], 1, Core
[116.35683,39.89817], 1, Core
[116.37576,39.88175], 1, Core
[116.38051,39.88195], 1, Core
[116.46783,39.87837], 1, Core
[116.44614,39.88329], 1, Core
[116.39235,39.88508], 1, Core
[116.46079,39.88052], 1, Core
[116.45079,39.88039], 1, Core
[116.40384,39.8869], 1, Core
[116.43883,39.87467], 1, Core
[116.40588,39.89967], 1, Core
[116.48336,39.88701], 1, Core
[116.36669,39.88784], 1, Core
[116.46164,39.8688], 1, Core
[116.38703,39.88409], 1, Core
[116.37865,39.88822], 1, Core
[116.41523,39.89172], 1, Core
[116.40739,39.86517], 1, Core
[116.43665,39.89725], 1, Core
[116.39928,39.88661], 1, Core
[116.45493,39.88665], 1, Core
[116.46095,39.89218], 1, Core
[116.47112,39.88185], 1, Core
[116.45408,39.88309], 1, Core
[116.36816,39.8886], 1, Core
[116.47973,39.8525], 1, Core
[116.32144,39.89557], 1, Core
[116.38253,39.88831], 1, Core
[116.47442,39.82442], 1, Core
[116.32271,39.89557], 1, Core
[116.42478,39.85738], 1, Core
[116.40605,39.88689], 1, Core
[116.43397,39.85275], 1, Core
[116.42463,39.89616], 1, Core
[116.45487,39.87304], 1, Core
[116.4616,39.87554], 1, Core
[116.41516,39.88262], 1, Core
[116.44869,39.88313], 1, Core
[116.4124,39.89013], 1, Core
[116.348,39.88842], 1, Core
[116.36206,39.86527], 1, Core
[116.42931,39.89215], 1, Core
[116.36903,39.88811], 1, Core
[116.31862,39.86682], 1, Core
[116.45535,39.88806], 1, Core
[116.45034,39.88309], 1, Core
[116.45552,39.86717], 1, Core
[116.46123,39.88056], 1, Core
[116.36321,39.88786], 1, Core
[116.4822,39.84355], 1, Core
[116.45156,39.86364], 1, Core
[116.47692,39.88096], 1, Core
[116.45518,39.87158], 1, Core
[116.45465,39.87202], 1, Core
[116.3001,39.88108], 1, Border
[116.41733,39.85662], 1, Core
[116.36832,39.89801], 1, Core
[116.41149,39.89152], 1, Core
[116.43905,39.88279], 1, Core
[116.40499,39.85558], 1, Core
[116.4683,39.88307], 1, Core
[116.41061,39.85165], 1, Core
[116.4329,39.89825], 1, Core
[116.34712,39.89642], 1, Core
[116.48759,39.87485], 1, Core
[116.38615,39.87014], 1, Core
[116.46711,39.8651], 1, Core
[116.39565,39.89889], 1, Core
[116.41835,39.86997], 1, Core
[116.46799,39.87806], 1, Core
[116.48102,39.87481], 1, Core
[116.35211,39.8976], 1, Core
[116.4549,39.88384], 1, Core
[116.42581,39.89374], 1, Core
[116.38944,39.88933], 1, Core
[116.45673,39.87491], 1, Core
[116.42589,39.85721], 1, Core
[116.37796,39.8999], 1, Core
[116.45776,39.88125], 1, Core
[116.4215,39.89823], 1, Core
[116.48332,39.89113], 1, Core
[116.45768,39.88083], 1, Core
[116.44047,39.88314], 1, Core
[116.452,39.89769], 1, Core
[116.41257,39.89214], 1, Core
[116.41754,39.85606], 1, Core
[116.38329,39.89887], 1, Core
[116.43815,39.89537], 1, Core
[116.41198,39.89167], 1, Core
[116.44936,39.89199], 1, Core
[116.33656,39.8966], 1, Core
[116.40121,39.88673], 1, Core
[116.43164,39.86111], 1, Core
[116.41282,39.89565], 1, Core
[116.45468,39.87086], 1, Core
[116.48103,39.8447], 1, Core
[116.46242,39.89379], 1, Core
[116.42598,39.8645], 1, Core
[116.41542,39.89587], 1, Core
[116.4486,39.8832], 1, Core
[116.45766,39.88112], 1, Core
[116.36818,39.8893], 1, Core
[116.45487,39.88392], 1, Core
[116.43265,39.8645], 1, Core
[116.45075,39.88029], 1, Core
[116.35713,39.89743], 1, Core
[116.34581,39.89657], 1, Core
[116.45562,39.86712], 1, Core
[116.39348,39.89885], 1, Core
[116.45561,39.86713], 1, Core
[116.3505,39.8996], 1, Core
[116.45883,39.84971], 1, Core
[116.40772,39.85248], 1, Core
[116.41852,39.88243], 1, Core
[116.44967,39.88637], 1, Core
[116.4126,39.89979], 1, Core
[116.39237,39.8901], 1, Core
[116.44681,39.88031], 1, Core
[116.39225,39.88759], 1, Core
[116.47108,39.88725], 1, Core
[116.38371,39.89865], 1, Core
[116.4041,39.89941], 1, Core
[116.42516,39.88352], 1, Core
[116.43923,39.85078], 1, Core
[116.43688,39.86975], 1, Core
[116.40075,39.89985], 1, Core
[116.38909,39.88192], 1, Core
[116.45479,39.88098], 1, Core
[116.46485,39.89223], 1, Core
[116.44463,39.88128], 1, Core
[116.42672,39.88277], 1, Core
[116.43982,39.87955], 1, Core
[116.46957,39.89216], 1, Core
[116.44466,39.88082], 1, Core
[116.45474,39.86935], 1, Core
[116.37808,39.89797], 1, Core
[116.36084,39.86834], 1, Core
[116.42148,39.86435], 1, Core
[116.37762,39.88804], 1, Core
[116.3571,39.89842], 1, Core
[116.40725,39.887], 1, Core
[116.42504,39.86096], 1, Core
[116.45551,39.89887], 1, Core
[116.45544,39.88335], 1, Core
[116.45767,39.88116], 1, Core
[116.38544,39.89958], 1, Core
[116.39504,39.89072], 1, Core
[116.45213,39.89586], 1, Core
[116.45002,39.88004], 1, Core
[116.3427,39.89074], 1, Core
[116.45506,39.8949], 1, Core
[116.45005,39.88289], 1, Core
[116.47048,39.87281], 1, Core
[116.45526,39.88052], 1, Core
[116.45773,39.88119], 1, Core
[116.39044,39.88958], 1, Core
[116.45533,39.8964], 1, Core
[116.43914,39.88287], 1, Core
[116.45211,39.89666], 1, Core
[116.44955,39.88931], 1, Core
[116.40784,39.85732], 1, Core
[116.4215,39.89902], 1, Core
[116.44459,39.87547], 1, Core
[116.36626,39.88785], 1, Core
[116.45512,39.8792], 1, Core
[116.41554,39.86099], 1, Core
[116.41978,39.8826], 1, Core
[116.41589,39.85657], 1, Core
[116.38158,39.88828], 1, Core
[116.3762,39.89873], 1, Core
[116.49819,39.89196], 1, Core
[116.42362,39.88947], 1, Core
[116.38995,39.88219], 1, Core
[116.38318,39.88836], 1, Core
[116.45552,39.88439], 1, Core
[116.40976,39.88699], 1, Core
[116.39183,39.88978], 1, Core
[116.41687,39.89917], 1, Core
[116.38486,39.89887], 1, Core
[116.46159,39.88035], 1, Core
[116.40804,39.85515], 1, Core
[116.41422,39.88372], 1, Core
[116.33681,39.89644], 1, Core
[116.46162,39.87544], 1, Core
[116.37847,39.89294], 1, Core
[116.3567,39.89791], 1, Core
[116.4755,39.82357], 1, Core
[116.42931,39.89543], 1, Core
[116.45006,39.87926], 1, Core
[116.4554,39.87517], 1, Core
[116.41905,39.89601], 1, Core
[116.38051,39.85027], 1, Core
[116.31551,39.89663], 1, Core
[116.46616,39.8831], 1, Core
[116.40575,39.89135], 1, Core
[116.39266,39.87974], 1, Core
[116.42294,39.88551], 1, Core
[116.45475,39.87294], 1, Core
[116.44466,39.88099], 1, Core
[116.43261,39.8922], 1, Core
[116.45005,39.88251], 1, Core
[116.32291,39.8998], 1, Core
[116.41766,39.88249], 1, Core
[116.45523,39.89211], 1, Core
[116.31057,39.88528], 1, Core
[116.40521,39.89941], 1, Core
[116.45711,39.88074], 1, Core
[116.41448,39.88321], 1, Core
[116.45529,39.88893], 1, Core
[116.38594,39.86986], 1, Core
[116.47134,39.88514], 1, Core
[116.4554,39.8807], 1, Core
[116.39455,39.86415], 1, Core
[116.4655,39.89202], 1, Core
[116.32873,39.89632], 1, Core
[116.45204,39.89459], 1, Core
[116.30396,39.8871], 1, Core
[116.3821,39.89877], 1, Core
[116.45531,39.8785], 1, Core
[116.4476,39.88023], 1, Core
[116.35045,39.88828], 1, Core
[116.44995,39.88238], 1, Core
[116.44331,39.85827], 1, Core
[116.34639,39.89666], 1, Core
[116.44126,39.88327], 1, Core
[116.45,39.88149], 1, Core
[116.37216,39.89858], 1, Core
[116.37855,39.88721], 1, Core
[116.42149,39.8993], 1, Core
[116.44756,39.88325], 1, Core
[116.47056,39.87001], 1, Core
[116.39512,39.87785], 1, Core
[116.44996,39.88298], 1, Core
[116.44987,39.87503], 1, Core
[116.44999,39.88159], 1, Core
[116.4266,39.89935], 1, Core
[116.41131,39.86984], 1, Core
[116.46755,39.87021], 1, Core
[116.35982,39.88786], 1, Core
[116.4219,39.89228], 1, Core
[116.415,39.89168], 1, Core
[116.43632,39.8923], 1, Core
[116.45789,39.88096], 1, Core
[116.42703,39.85754], 1, Core
[116.43354,39.85778], 1, Core
[116.44993,39.87827], 1, Core
[116.45538,39.89094], 1, Core
[116.44457,39.87872], 1, Core
[116.37018,39.88805], 1, Core
[116.45851,39.88104], 1, Core
[116.37327,39.89847], 1, Core
[116.4408,39.88348], 1, Core
[116.45533,39.88012], 1, Core
[116.38163,39.87058], 1, Core
[116.42791,39.8646], 1, Core
[116.4556,39.89778], 1, Core
[116.4802,39.89846], 1, Core
[116.41457,39.87979], 1, Core
[116.4932,39.8047], 1, Border
[116.34923,39.86654], 1, Core
[116.32394,39.88856], 1, Core
[116.40567,39.85579], 1, Core
[116.43354,39.89245], 1, Core
[116.41262,39.89466], 1, Core
[116.39428,39.88542], 1, Core
[116.38761,39.86261], 1, Core
[116.41477,39.87814], 1, Core
[116.4554,39.88053], 1, Core
[116.43266,39.86545], 1, Core
[116.45901,39.88087], 1, Core
[116.35784,39.86742], 1, Core
[116.45003,39.88288], 1, Core
[116.43068,39.8923], 1, Core
[116.41903,39.89213], 1, Core
[116.30336,39.88409], 1, Border
[116.45582,39.88291], 1, Core
[116.46164,39.86905], 1, Core
[116.45559,39.86716], 1, Core
[116.45529,39.89037], 1, Core
[116.46154,39.875], 1, Core
[116.45486,39.89653], 1, Core
[116.45516,39.8746], 1, Core
[116.33773,39.89801], 1, Core
[116.42559,39.86027], 1, Core
[116.43321,39.89225], 1, Core
[116.45627,39.89218], 1, Core
[116.45497,39.86992], 1, Core
[116.4323,39.89852], 1, Core
[116.37858,39.8555], 1, Core
[116.46405,39.89599], 1, Core
[116.45533,39.8829], 1, Core
[116.40989,39.89163], 1, Core
[116.44052,39.88039], 1, Core
[116.41578,39.86896], 1, Core
[116.42637,39.89237], 1, Core
[116.40834,39.8502], 1, Core
[116.45777,39.88113], 1, Core
[116.45094,39.88027], 1, Core
[116.39418,39.87507], 1, Core
[116.40611,39.88683], 1, Core
[116.45834,39.88306], 1, Core
[116.45382,39.89196], 1, Core
[116.44864,39.85186], 1, Core
[116.40728,39.86783], 1, Core
[116.36111,39.88785], 1, Core
[116.45026,39.89618], 1, Core
[116.41288,39.86219], 1, Core
[116.36628,39.88784], 1, Core
[116.45208,39.89665], 1, Core
[116.44943,39.89091], 1, Core
[116.34828,39.8683], 1, Core
[116.45478,39.86868], 1, Core
[116.42124,39.89298], 1, Core
[116.46032,39.88057], 1, Core
[116.38745,39.86408], 1, Core
[116.4711,39.88478], 1, Core
[116.46679,39.88305], 1, Core
[116.46261,39.84992], 1, Core
[116.44994,39.88326], 1, Core
[116.41276,39.86362], 1, Core
[116.39469,39.87542], 1, Core
[116.41487,39.8748], 1, Core
[116.40984,39.85605], 1, Core
[116.41339,39.9], 1, Core
[116.46677,39.86511], 1, Core
[116.4551,39.88981], 1, Core
[116.42634,39.89217], 1, Core
[116.45,39.87938], 1, Core
[116.45473,39.86994], 1, Core
[116.42544,39.89358], 1, Core
[116.45852,39.88121], 1, Core
[116.44463,39.87931], 1, Core
[116.36745,39.88769], 1, Core
[116.45002,39.88503], 1, Core
[116.42692,39.86461], 1, Core
[116.46168,39.86787], 1, Core
[116.47648,39.88075], 1, Core
[116.48597,39.8918], 1, Core
[116.40309,39.8706], 1, Core
[116.45551,39.88319], 1, Core
[116.44786,39.88303], 1, Core
[116.44535,39.88342], 1, Core
[116.43283,39.89308], 1, Core
[116.47909,39.89989], 1, Core
[116.38284,39.89905], 1, Core
[116.36549,39.88785], 1, Core
[116.45848,39.88104], 1, Core
[116.43196,39.89971], 1, Core
[116.4513,39.86353], 1, Core
[116.42303,39.89209], 1, Core
[116.35724,39.88826], 1, Core
[116.41176,39.89577], 1, Core
[116.4422,39.86768], 1, Core
[116.44993,39.88124], 1, Core
[116.48331,39.89127], 1, Core
[116.42776,39.88236], 1, Core
[116.38173,39.86434], 1, Core
[116.48758,39.87485], 1, Core
[116.42408,39.89604], 1, Core
[116.41333,39.89998], 1, Core
[116.45002,39.88378], 1, Core
[116.46158,39.87867], 1, Core
[116.43876,39.88784], 1, Core
[116.43821,39.89091], 1, Core
[116.36661,39.88799], 1, Core
[116.41305,39.88597], 1, Core
[116.43281,39.89273], 1, Core
[116.49205,39.8061], 1, Border
[116.46554,39.89191], 1, Core
[116.45892,39.88085], 1, Core
[116.45548,39.86717], 1, Core
[116.42465,39.89434], 1, Core
[116.35885,39.88797], 1, Core
[116.45762,39.84091], 1, Core
[116.45458,39.86764], 1, Core
[116.44972,39.89308], 1, Core
[116.43816,39.89535], 1, Core
[116.4552,39.86691], 1, Core
[116.44755,39.86101], 1, Core
[116.45525,39.88639], 1, Core
[116.42516,39.86949], 1, Core
[116.45764,39.88086], 1, Core
[116.4496,39.89139], 1, Core
[116.35042,39.89179], 1, Core
[116.49592,39.86974], 1, Core
[116.3952,39.89039], 1, Core
[116.36797,39.8994], 1, Core
[116.45868,39.88097], 1, Core
[116.46619,39.86911], 1, Core
[116.37281,39.85546], 1, Core
[116.4413,39.87468], 1, Core
[116.45908,39.89218], 1, Core
[116.40518,39.89951], 1, Core
[116.4553,39.88958], 1, Core
[116.45872,39.88076], 1, Core
[116.44563,39.88332], 1, Core
[116.39234,39.88317], 1, Core
[116.37677,39.88791], 1, Core
[116.4616,39.87571], 1, Core
[116.35387,39.88818], 1, Core
[116.43173,39.86924], 1, Core
[116.41291,39.88616], 1, Core
[116.45765,39.88112], 1, Core
[116.39273,39.89023], 1, Core
[116.44851,39.87493], 1, Core
[116.4497,39.89254], 1, Core
[116.46176,39.86961], 1, Core
[116.39468,39.8855], 1, Core
[116.36422,39.88781], 1, Core
[116.33809,39.89797], 1, Core
[116.42324,39.8644], 1, Core
[116.44424,39.89215], 1, Core
[116.44959,39.88926], 1, Core
[116.4497,39.88331], 1, Core
[116.44985,39.87445], 1, Core
[116.41242,39.89976], 1, Core
[116.47115,39.87993], 1, Core
[116.34302,39.89617], 1, Core
[116.43234,39.85921], 1, Core
[116.45774,39.88105], 1, Core
[116.412,39.8917], 1, Core
[116.45774,39.88118], 1, Core
[116.45781,39.88089], 1, Core
[116.45449,39.87], 1, Core
[116.45961,39.87489], 1, Core
[116.41177,39.89404], 1, Core
[116.44902,39.87217], 1, Core
[116.44959,39.8893], 1, Core
[116.39945,39.89117], 1, Core
[116.36153,39.88612], 1, Core
[116.42138,39.89586], 1, Core
[116.45504,39.88513], 1, Core
[116.37906,39.88024], 1, Core
[116.4556,39.86714], 1, Core
[116.45801,39.88061], 1, Core
[116.45582,39.89221], 1, Core
[116.41309,39.88601], 1, Core
[116.38042,39.89887], 1, Core
[116.47153,39.86935], 1, Core
[116.38512,39.88494], 1, Core
