[116.60394,39.90741,4897.1], 0, Noise
[116.57523,40.04341,4840.79], 0, Noise
[116.58198,40.07204,4842.58], 0, Noise
[116.5865,40.07927,4843.81], 0, Noise
[116.58247,40.06636,4845.6], 0, Noise
[116.57781,40.04594,4846.83], 0, Noise
[116.51676,39.78769,3648.75], 0, Noise
[116.51792,39.7862,3648.87], 0, Noise
[116.53661,39.76348,3651.76], 0, Noise
[116.53661,39.76348,3651.89], 0, Noise
[116.53933,39.76086,3657.8], 0, Noise
[116.53846,39.76183,3657.92], 0, Noise
[116.53994,39.77583,3660.81], 0, Noise
[116.54113,39.77472,3660.94], 0, Noise
[116.5626,39.79876,3663.83], 0, Noise
[116.56228,39.79963,3663.95], 0, Noise
[116.56228,39.79963,3663.95], 0, Noise
[116.55472,39.80862,3666.85], 0, Noise
[116.55472,39.80862,3666.85], 0, Noise
[116.55284,39.80969,3666.97], 0, Noise
[116.52015,39.82157,3669.86], 0, Noise
[116.51795,39.82115,3669.99], 0, Noise
[116.58425,39.91108,859.36], 0, Noise
[116.62556,39.90534,865.36], 0, Noise
[116.62556,39.90534,865.36], 0, Noise
[116.23054,39.89648,5130.39], 0, Noise
[116.21514,39.90426,5133.41], 0, Noise
[116.2674,39.92199,5145.03], 0, Noise
[116.24695,39.91567,5138.99], 0, Noise
[116.21514,39.90426,5132.96], 0, Noise
[116.23082,39.89635,5129.94], 0, Noise
[116.26828,39.88552,5126.93], 0, Noise
[116.26975,39.92127,5145.47], 0, Noise
[116.25517,39.92799,5142.01], 0, Noise
[116.26813,39.89206,5127.37], 0, Noise
[116.22868,39.90612,5135.98], 0, Noise
[116.24694,39.9197,5139.44], 0, Noise
[116.23269,39.90614,5136.42], 0, Noise
[116.25788,39.92787,5142.46], 0, Noise
[116.28169,40.01009,4312.7], 0, Noise
[116.27001,40.02771,4314.97], 0, Noise
[116.28485,39.99919,4311.96], 0, Noise
[116.57994,40.04788,4131.65], 0, Noise
[116.30176,40.0315,4321.01], 0, Noise
[116.5867,40.07698,4128.64], 0, Noise
[116.6014,39.90733,4327.14], 0, Noise
[116.58223,40.07494,4130.3], 0, Noise
[116.28547,40.03273,4318.74], 0, Noise
[116.28094,40.03178,4317.99], 0, Noise
[116.26846,40.03138,4315.72], 0, Noise
[116.58412,40.05736,4127.29], 0, Noise
[116.59778,39.90824,4043.1], 0, Noise
[116.58061,40.04802,3977.82], 0, Noise
[116.54184,39.75761,3654.9], 0, Noise
[116.54184,39.75761,3654.78], 0, Noise
[116.58266,40.0794,3979.48], 0, Noise
[116.58309,40.06092,2243.25], 0, Noise
[116.58197,40.05124,2239.43], 0, Noise
[116.58291,40.05364,2240.24], 0, Noise
[116.58407,40.07985,2249.29], 0, Noise
[116.56076,40.03244,2233.4], 0, Noise
[116.57789,40.04688,2236.41], 0, Noise
[116.58232,40.06739,2245.46], 0, Noise
[116.56985,40.03766,2234.2], 0, Noise
[116.58316,40.05939,2242.45], 0, Noise
[116.579,40.04747,2251.5], 0, Noise
[116.57937,40.04706,2237.22], 0, Noise
[116.57792,39.9129,1435.31], 0, Noise
[116.63086,39.9044,1429.31], 0, Noise
[116.582,40.07134,524.24], 0, Noise
[116.58067,40.04806,515.19], 0, Noise
[116.57561,40.04372,512.17], 0, Noise
[116.6174,39.9057,580.51], 0, Noise
[116.58447,40.07911,527.9], 0, Noise
[116.63713,39.90953,871.36], 1, Border
[116.65749,39.88708,877.36], 1, Border
[116.69302,39.8516,883.36], 1, Border
[116.69149,39.85161,889.36], 1, Border
[116.6915,39.85161,895.36], 1, Border
[116.69152,39.85162,901.36], 1, Core
[116.69154,39.85162,907.36], 1, Core
[116.69155,39.85164,913.36], 1, Core
[116.69155,39.85165,919.35], 1, Core
[116.69155,39.85166,925.35], 1, Core
[116.69156,39.85166,931.35], 1, Core
[116.69156,39.85165,937.35], 1, Core
[116.69151,39.85193,943.36], 1, Core
[116.69159,39.85168,949.36], 1, Core
[116.69159,39.85162,955.35], 1, Core
[116.69159,39.85162,955.35], 1, Core
[116.69161,39.85195,967.35], 1, Core
[116.69164,39.8518,973.35], 1, Core
[116.69159,39.8517,979.36], 1, Core
[116.69162,39.85174,985.36], 1, Core
[116.6916,39.85172,991.35], 1, Core
[116.6916,39.85175,997.35], 1, Core
[116.69161,39.85176,1351.32], 1, Core
[116.69159,39.85128,1231.33], 1, Core
[116.6916,39.8517,1219.33], 1, Core
[116.69163,39.85176,1357.32], 1, Core
[116.69161,39.85171,1225.33], 1, Core
[116.69164,39.8516,1249.33], 1, Core
[116.69159,39.85156,1393.31], 1, Border
[116.69158,39.85164,1297.32], 1, Core
[116.69166,39.85158,1243.33], 1, Core
[116.69162,39.85173,1333.32], 1, Core
[116.69161,39.85174,1327.32], 1, Core
[116.69162,39.85172,1363.32], 1, Core
[116.69155,39.85165,1267.33], 1, Core
[116.69152,39.85141,1339.33], 1, Core
[116.69163,39.85152,1387.31], 1, Border
[116.69158,39.85168,1303.33], 1, Core
[116.69162,39.85185,1411.32], 1, Border
[116.67003,39.87709,1423.31], 1, Border
[116.69162,39.85171,1417.32], 1, Border
[116.6915,39.85179,1279.32], 1, Core
[116.6916,39.8517,1213.33], 1, Core
[116.6916,39.85167,1315.32], 1, Core
[116.69163,39.85186,1405.31], 1, Border
[116.69171,39.85171,1237.33], 1, Core
[116.69161,39.85169,1201.34], 1, Core
[116.69156,39.85164,1261.33], 1, Core
[116.69163,39.85154,1381.32], 1, Border
[116.69162,39.85173,1321.32], 1, Core
[116.69139,39.8518,1309.33], 1, Core
[116.6916,39.85163,1255.33], 1, Core
[116.69149,39.85166,1273.33], 1, Core
[116.69163,39.85156,1375.32], 1, Border
[116.69141,39.85192,1291.32], 1, Core
[116.6913,39.85196,1285.32], 1, Core
[116.69165,39.85185,1345.33], 1, Core
[116.69162,39.85166,1399.32], 1, Border
[116.69163,39.8516,1369.32], 1, Core
[116.6916,39.85169,1207.33], 1, Core
[116.69162,39.85158,1105.34], 1, Core
[116.69164,39.85169,1165.34], 1, Core
[116.69169,39.8518,1135.34], 1, Core
[116.69162,39.85169,1189.33], 1, Core
[116.6916,39.85179,1009.35], 1, Core
[116.6916,39.85181,1015.35], 1, Core
[116.69163,39.85167,1153.33], 1, Core
[116.69174,39.85169,1081.34], 1, Core
[116.69163,39.85195,1033.34], 1, Core
[116.69162,39.85169,1195.34], 1, Core
[116.69159,39.85188,1117.34], 1, Core
[116.69163,39.85159,1147.33], 1, Core
[116.69167,39.8517,1075.34], 1, Core
[116.69164,39.85169,1171.33], 1, Core
[116.69162,39.85182,1123.34], 1, Core
[116.69159,39.85173,1039.35], 1, Core
[116.69163,39.85174,1063.34], 1, Core
[116.6916,39.85181,1027.34], 1, Core
[116.69162,39.8516,1093.35], 1, Core
[116.69163,39.85168,1177.33], 1, Core
[116.69164,39.85173,1069.34], 1, Core
[116.69164,39.85168,1159.34], 1, Core
[116.69163,39.85168,1183.33], 1, Core
[116.69161,39.85172,1057.35], 1, Core
[116.69161,39.85178,1003.35], 1, Core
[116.6916,39.85177,1051.35], 1, Core
[116.69169,39.85172,1141.33], 1, Core
[116.69158,39.85175,1045.34], 1, Core
[116.69162,39.85159,1087.35], 1, Core
[116.69162,39.85161,1111.34], 1, Core
[116.69162,39.85176,1129.34], 1, Core
[116.69162,39.85158,1099.34], 1, Core
[116.65522,39.8622,100.55], 2, Border
[116.69164,39.85165,106.55], 2, Border
[116.69167,39.85166,112.55], 2, Border
[116.69168,39.85168,124.54], 2, Border
[116.69168,39.85167,130.54], 2, Border
[116.69167,39.85169,136.54], 2, Border
[116.69167,39.85172,142.55], 2, Border
[116.69167,39.85174,148.55], 2, Border
[116.69167,39.85175,154.54], 2, Core
[116.69167,39.85176,160.54], 2, Core
[116.69172,39.85208,166.54], 2, Core
[116.69172,39.85208,166.54], 2, Core
[116.69172,39.85199,172.54], 2, Core
[116.69171,39.85196,178.54], 2, Core
[116.69171,39.85182,184.54], 2, Core
[116.69171,39.85184,190.54], 2, Core
[116.6917,39.85184,196.54], 2, Core
[116.69161,39.85166,454.52], 2, Core
[116.69165,39.85173,430.52], 2, Core
[116.69167,39.85173,550.51], 2, Border
[116.6917,39.85163,484.51], 2, Core
[116.69169,39.85161,520.51], 2, Core
[116.69129,39.85191,412.52], 2, Core
[116.69172,39.85106,526.51], 2, Border
[116.69184,39.85188,466.52], 2, Core
[116.69138,39.85178,400.53], 2, Core
[116.65945,39.88563,574.51], 2, Border
[116.69169,39.85168,502.51], 2, Core
[116.69156,39.85166,406.53], 2, Core
[116.6917,39.85133,532.51], 2, Border
[116.69169,39.85163,514.52], 2, Core
[116.69156,39.8517,556.51], 2, Border
[116.69171,39.85165,538.51], 2, Border
[116.69285,39.85167,568.51], 2, Border
[116.69165,39.85179,544.52], 2, Border
[116.69157,39.85171,562.51], 2, Border
[116.69165,39.85161,472.52], 2, Core
[116.69169,39.85165,508.52], 2, Core
[116.69172,39.85176,418.52], 2, Core
[116.69162,39.85163,448.52], 2, Core
[116.69164,39.85158,442.52], 2, Core
[116.69169,39.85142,436.52], 2, Core
[116.69171,39.85166,496.51], 2, Core
[116.69164,39.85165,310.53], 2, Core
[116.69168,39.85163,226.54], 2, Core
[116.69155,39.85181,316.53], 2, Core
[116.69176,39.85183,275.08], 2, Core
[116.6917,39.85176,304.53], 2, Core
[116.69162,39.85157,382.52], 2, Core
[116.69167,39.85196,256.53], 2, Core
[116.69164,39.85186,250.53], 2, Core
[116.69156,39.85141,328.53], 2, Core
[116.69158,39.8518,322.53], 2, Core
[116.69167,39.85167,262.54], 2, Core
[116.69177,39.85175,370.53], 2, Core
[116.6917,39.85184,202.54], 2, Core
[116.69173,39.85174,280.53], 2, Core
[116.69166,39.85159,232.54], 2, Core
[116.6918,39.85176,352.53], 2, Core
[116.69179,39.85177,358.53], 2, Core
[116.69161,39.8516,394.52], 2, Core
[116.69172,39.85179,292.54], 2, Core
[116.69172,39.85165,214.54], 2, Core
[116.69162,39.85158,388.52], 2, Core
[116.69156,39.85161,340.53], 2, Core
[116.69176,39.85176,364.53], 2, Core
[116.6916,39.85156,346.53], 2, Core
[116.69176,39.85165,220.54], 2, Core
[116.69168,39.85146,208.54], 2, Core
[116.69161,39.85155,334.53], 2, Core
[116.69157,39.85211,376.52], 2, Core
[116.69171,39.85176,298.54], 2, Core
[116.5011,39.89195,2601.14], 3, Core
[116.49819,39.89196,2601.28], 3, Core
[116.47397,39.89202,2604.15], 3, Core
[116.4715,39.89221,2604.3], 3, Core
[116.47163,39.90368,2607.17], 3, Core
[116.42972,39.90659,2610.19], 3, Core
[116.41179,39.91372,2613.2], 3, Core
[116.41171,39.91402,2613.35], 3, Core
[116.41173,39.90953,2616.22], 3, Core
[116.41173,39.90953,2616.36], 3, Core
[116.41197,39.9036,2619.38], 3, Core
[116.41211,39.90018,2622.25], 3, Core
[116.41211,39.90018,2622.4], 3, Core
[116.41291,39.88616,2625.27], 3, Core
[116.41291,39.88616,2625.41], 3, Core
[116.41852,39.88243,2628.29], 3, Core
[116.41978,39.8826,2628.43], 3, Core
[116.43068,39.8923,2631.3], 3, Core
[116.43308,39.89235,2631.45], 3, Core
[116.43308,39.89235,2631.45], 3, Core
[116.44756,39.88325,2634.32], 3, Core
[116.44614,39.88329,2634.46], 3, Core
[116.44463,39.88128,2637.34], 3, Core
[116.44463,39.88128,2637.34], 3, Core
[116.44466,39.88099,2637.48], 3, Core
[116.44934,39.87495,2640.35], 3, Core
[116.4553,39.87712,2643.5], 3, Core
[116.46159,39.87651,2646.37], 3, Core
[116.46161,39.87616,2646.52], 3, Core
[116.46677,39.86511,2649.39], 3, Core
[116.46711,39.8651,2649.54], 3, Core
[116.47088,39.87,2652.41], 3, Core
[116.47108,39.87003,2652.55], 3, Core
[116.47648,39.88075,2655.42], 3, Core
[116.47692,39.88096,2655.57], 3, Core
[116.46886,39.88313,2658.44], 3, Core
[116.46617,39.88314,2658.58], 3, Core
[116.4616,39.87571,2661.46], 3, Core
[116.46159,39.87532,2661.6], 3, Core
[116.45094,39.88027,2664.47], 3, Core
[116.45075,39.88029,2664.62], 3, Core
[116.43903,39.88603,2667.49], 3, Core
[116.43881,39.88787,2667.63], 3, Core
[116.41687,39.89917,2670.51], 3, Core
[116.42777,39.90369,2673.52], 3, Core
[116.42923,39.9037,2673.67], 3, Core
[116.44869,39.88313,2676.54], 3, Core
[116.44913,39.88314,2676.68], 3, Core
[116.47112,39.88185,2679.56], 3, Core
[116.47115,39.87993,2679.7], 3, Core
[116.46168,39.86787,2682.57], 3, Core
[116.46164,39.86905,2682.72], 3, Core
[116.49863,39.86934,2685.59], 3, Core
[116.50102,39.8693,2685.73], 3, Core
[116.49592,39.86974,2688.61], 3, Core
[116.46164,39.8688,2691.62], 3, Core
[116.46164,39.8688,2691.77], 3, Core
[116.4555,39.86674,2694.64], 3, Core
[116.4552,39.86691,2694.78], 3, Core
[116.45551,39.86715,2697.66], 3, Core
[116.45548,39.86717,2697.8], 3, Core
[116.45555,39.86716,2700.67], 3, Core
[116.45555,39.86716,2700.82], 3, Core
[116.45559,39.86716,2703.69], 3, Core
[116.45559,39.86716,2703.83], 3, Core
[116.45711,39.88074,2706.71], 3, Core
[116.45826,39.88072,2706.85], 3, Core
[116.45826,39.88072,2706.85], 3, Core
[116.45776,39.88101,2709.72], 3, Core
[116.69169,39.85151,1815.41], 3, Border
[116.69159,39.85204,1821.4], 3, Border
[116.69158,39.85187,1827.39], 3, Border
[116.69162,39.85178,1833.39], 3, Border
[116.69161,39.85176,1839.39], 3, Border
[116.6916,39.85179,1851.4], 3, Border
[116.69158,39.85178,1857.4], 3, Border
[116.69157,39.85179,1863.39], 3, Border
[116.69157,39.85181,1869.39], 3, Border
[116.69157,39.85182,1875.39], 3, Border
[116.69157,39.85182,1881.39], 3, Border
[116.69157,39.85182,1887.39], 3, Core
[116.69157,39.85182,1893.39], 3, Core
[116.69152,39.85145,1899.39], 3, Core
[116.6915,39.85155,1905.39], 3, Core
[116.69145,39.85184,1911.39], 3, Core
[116.69153,39.85179,1923.38], 3, Core
[116.69163,39.85167,1929.39], 3, Core
[116.6916,39.85162,1935.39], 3, Core
[116.69177,39.85202,1941.38], 3, Core
[116.69166,39.85171,1947.38], 3, Core
[116.69162,39.85172,1953.39], 3, Core
[116.69161,39.85169,1959.39], 3, Core
[116.69156,39.85125,1965.38], 3, Core
[116.69165,39.85164,1971.38], 3, Core
[116.69154,39.85172,1977.38], 3, Core
[116.69157,39.85175,1983.38], 3, Core
[116.69168,39.85171,1989.39], 3, Core
[116.69194,39.85156,2013.38], 3, Core
[116.69186,39.85159,2019.38], 3, Core
[116.69182,39.85161,2025.38], 3, Core
[116.69182,39.85161,2025.38], 3, Core
[116.69166,39.85145,2031.38], 3, Core
[116.69163,39.85163,2037.37], 3, Core
[116.69163,39.85169,2043.37], 3, Core
[116.69157,39.85161,2055.37], 3, Core
[116.69155,39.85165,2061.38], 3, Core
[116.69154,39.85166,2067.38], 3, Core
[116.69153,39.85168,2079.37], 3, Core
[116.69154,39.85171,2085.37], 3, Core
[116.69154,39.85173,2091.37], 3, Core
[116.69155,39.85173,2097.38], 3, Core
[116.69153,39.85177,2103.38], 3, Core
[116.69156,39.85165,2109.37], 3, Core
[116.69113,39.85163,2115.37], 3, Core
[116.69143,39.85148,2121.37], 3, Core
[116.69168,39.85171,2127.37], 3, Core
[116.69171,39.8517,2133.37], 3, Core
[116.69162,39.8517,2139.37], 3, Core
[116.69146,39.85185,2145.37], 3, Core
[116.69156,39.85164,2151.37], 3, Core
[116.69158,39.85182,2157.36], 3, Core
[116.69158,39.85158,2163.37], 3, Core
[116.69159,39.85166,2169.36], 3, Core
[116.69157,39.85171,2175.37], 3, Core
[116.69158,39.85173,2181.37], 3, Core
[116.6916,39.85174,2187.36], 3, Core
[116.69161,39.85175,2193.36], 3, Core
[116.69162,39.85176,2199.36], 3, Core
[116.69162,39.85176,2199.36], 3, Core
[116.46162,39.87544,2507.77], 3, Core
[116.4277,39.93528,2549.02], 3, Core
[116.44923,39.9797,2495.03], 3, Core
[116.43354,39.89245,2546.84], 3, Core
[116.42502,39.91405,2435.49], 3, Core
[116.43391,39.89791,2577.0], 3, Core
[116.45475,39.87294,2441.52], 3, Core
[116.45513,39.92829,2540.95], 3, Core
[116.49543,39.92194,2404.47], 3, Core
[116.43354,39.89245,2546.98], 3, Core
[116.45781,39.88089,2443.68], 3, Core
[116.42184,39.90723,2428.6], 3, Core
[116.42076,39.91383,2425.58], 3, Core
[116.46249,39.92864,2537.93], 3, Core
[116.48336,39.88701,2586.05], 3, Core
[116.48656,39.91447,2411.36], 3, Core
[116.46794,39.94389,2489.03], 3, Core
[116.46783,39.87837,2513.8], 3, Core
[116.42804,39.91411,2426.44], 3, Core
[116.42843,39.90776,2543.03], 3, Core
[116.42075,39.91099,2429.46], 3, Core
[116.4041,39.89941,2573.99], 3, Core
[116.48343,39.91442,2407.48], 3, Core
[116.46159,39.88035,2510.78], 3, Core
[116.44031,39.91189,2525.87], 3, Core
[116.50839,39.86888,2595.1], 3, Core
[116.39928,39.88661,2558.9], 3, Core
[116.47822,39.92153,2519.03], 3, Core
[116.54716,39.92268,2465.04], 3, Core
[116.41079,39.8946,2564.94], 3, Core
[116.45544,39.90436,2543.97], 3, Core
[116.45382,39.89196,2580.16], 3, Core
[116.44473,39.92163,2419.55], 3, Core
[116.45471,39.91178,2531.76], 3, Core
[116.39454,39.8855,2552.87], 3, Core
[116.46455,39.96358,2507.03], 3, Core
[116.49344,39.91441,2459.05], 3, Core
[116.41802,39.91627,2432.47], 3, Core
[116.40146,39.88677,2559.05], 3, Core
[116.46554,39.89191,2583.18], 3, Core
[116.47179,39.92762,2585.03], 3, Core
[116.41563,39.9462,2555.03], 3, Core
[116.4553,39.9301,2540.81], 3, Core
[116.50407,39.9147,2591.02], 3, Core
[116.48102,39.87481,2589.21], 3, Core
[116.45753,39.88088,2444.54], 3, Core
[116.47556,39.92172,2477.03], 3, Core
[116.43625,39.90894,2528.88], 3, Core
[116.44757,39.90252,2438.51], 3, Core
[116.45556,39.88474,2516.82], 3, Core
[116.49714,39.91482,2410.5], 3, Core
[116.48759,39.87485,2592.09], 3, Core
[116.39428,39.88542,2553.01], 3, Core
[116.41198,39.89167,2561.92], 3, Core
[116.46055,39.928,2534.92], 3, Core
[116.47265,39.91452,2413.52], 3, Core
[116.46554,39.89191,2583.04], 3, Core
[116.3852,39.89874,2571.11], 3, Core
[116.43161,39.92234,2537.03], 3, Core
[116.45504,39.88513,2440.66], 3, Core
[116.44283,39.91187,2525.72], 3, Core
[116.46123,39.88056,2510.64], 3, Core
[116.48112,39.87482,2589.07], 3, Core
[116.38318,39.88836,2567.95], 3, Core
[116.46047,39.92795,2534.77], 3, Core
[116.38875,39.88221,2556.03], 3, Core
[116.48006,39.95789,2579.03], 3, Core
[116.42942,39.92315,2422.57], 3, Core
[116.43479,39.94799,2561.02], 3, Core
[116.46432,39.9139,2525.03], 3, Core
[116.46175,39.99519,2501.03], 3, Core
[116.42432,39.92302,2423.42], 3, Core
[116.52989,39.91537,2471.03], 3, Core
[116.43665,39.89725,2577.15], 3, Core
[116.5107,39.86894,2595.25], 3, Core
[116.40976,39.88699,2549.85], 3, Core
[116.38371,39.89865,2570.97], 3, Core
[116.38253,39.88831,2568.1], 3, Core
[116.45419,39.95203,2483.03], 3, Core
[116.52203,39.88452,2598.12], 3, Core
[116.43523,39.92163,2531.03], 3, Core
[116.45181,39.90779,2522.71], 3, Core
[116.46651,39.91481,2414.37], 3, Core
[116.45181,39.90779,2522.85], 3, Core
[116.49293,39.93048,2402.56], 3, Core
[116.41175,39.89458,2565.08], 3, Core
[116.48535,39.92203,2405.32], 3, Core
[116.48758,39.87485,2592.23], 3, Core
[116.40437,39.89941,2574.13], 3, Core
[116.46,39.98753,2573.03], 3, Core
[116.41803,39.91628,2431.61], 3, Core
[116.40728,39.887,2550.0], 3, Core
[116.45553,39.90672,2543.82], 3, Core
[116.52396,39.88451,2598.26], 3, Core
[116.38875,39.88221,2555.89], 3, Core
[116.412,39.8917,2562.06], 3, Core
[116.50337,39.90693,2597.02], 3, Core
[116.46799,39.87806,2513.66], 3, Core
[116.48335,39.8868,2586.2], 3, Core
[116.45348,39.92281,2513.03], 3, Core
[116.48927,39.91407,2408.34], 3, Core
[116.45471,39.91178,2531.9], 3, Core
[116.496,39.92708,2401.45], 3, Core
[116.45544,39.88335,2516.67], 3, Core
[116.45382,39.89196,2580.02], 3, Core
[116.45594,39.91793,2417.39], 3, Core
[116.4616,39.87554,2507.62], 3, Core
[116.4546,39.98414,2567.03], 3, Core
[116.44042,39.9218,2420.41], 3, Core
[116.42977,39.90246,2437.65], 3, Core
[116.51509,39.92262,2383.35], 3, Core
[116.69568,39.85251,2271.36], 3, Border
[116.51618,40.01636,2230.38], 3, Border
[116.69155,39.85169,2229.36], 3, Core
[116.58494,39.91964,2371.88], 3, Border
[116.44296,39.89213,2291.52], 3, Core
[116.4639,39.91534,2390.24], 3, Core
[116.45519,39.91569,2321.78], 3, Core
[116.5411,39.92257,2381.44], 3, Core
[116.5531,39.91485,2289.36], 3, Border
[116.47949,39.92161,2399.29], 3, Core
[116.4802,39.89846,2218.32], 3, Core
[116.4741,39.91413,2331.35], 3, Core
[116.45517,39.92252,2395.42], 3, Core
[116.4486,39.8832,2293.73], 3, Core
[116.42745,39.93771,2341.73], 3, Core
[116.69156,39.85169,2247.36], 3, Border
[116.42951,39.89978,2350.77], 3, Core
[116.51059,40.01303,2254.51], 3, Border
[116.46352,39.91971,2313.35], 3, Core
[116.69157,39.85167,2253.36], 3, Border
[116.45507,39.90025,2320.88], 3, Core
[116.4554,39.90294,2213.09], 3, Core
[116.43597,39.92573,2307.35], 3, Core
[116.42124,39.89298,2284.68], 3, Core
[116.49555,39.99947,2255.32], 3, Border
[116.69162,39.85176,2217.37], 3, Core
[116.69154,39.85166,2223.36], 3, Core
[116.45486,39.89653,2212.28], 3, Core
[116.49968,39.91468,2295.35], 3, Core
[116.4124,39.89438,2279.45], 3, Core
[116.46158,39.87867,2203.24], 3, Core
[116.45217,39.89635,2321.69], 3, Core
[116.4394,39.9192,2266.58], 3, Core
[116.471,39.91039,2221.33], 3, Core
[116.45551,39.89154,2306.6], 3, Core
[116.57752,39.91269,2362.84], 3, Border
[116.44939,39.95546,2258.34], 3, Core
[116.45377,39.96175,2257.53], 3, Core
[116.45594,39.9276,2393.26], 3, Core
[116.43281,39.89273,2290.71], 3, Core
[116.44405,39.90785,2317.86], 3, Core
[116.45673,39.87491,2204.05], 3, Core
[116.46515,39.915,2319.36], 3, Core
[116.44455,39.93993,2338.71], 3, Core
[116.42998,39.90339,2309.62], 3, Core
[116.55692,39.9231,2380.33], 3, Border
[116.44393,39.91576,2267.39], 3, Core
[116.43037,39.88302,2275.63], 3, Core
[116.44405,39.90785,2318.67], 3, Core
[116.42758,39.93564,2341.96], 3, Core
[116.45005,39.88289,2206.26], 3, Core
[116.45406,39.88306,2300.57], 3, Core
[116.44031,39.92084,2315.65], 3, Core
[116.46894,39.91277,2222.14], 3, Core
[116.47554,39.98212,2228.17], 3, Core
[116.44472,39.87932,2209.27], 3, Core
[116.51525,39.9159,2337.35], 3, Core
[116.6916,39.85152,2259.36], 3, Border
[116.46086,39.9162,2325.36], 3, Core
[116.44943,39.89091,2273.42], 3, Core
[116.45251,39.8831,2299.76], 3, Core
[116.45243,39.94008,2261.35], 3, Core
[116.45918,39.90374,2215.3], 3, Core
[116.5119,39.92192,2384.21], 3, Core
[116.69156,39.85172,2241.36], 3, Border
[116.69162,39.85176,2205.36], 3, Core
[116.58498,39.91226,2366.07], 3, Border
[116.44851,39.87493,2296.75], 3, Core
[116.43283,39.89308,2288.5], 3, Core
[116.58451,39.9262,2375.12], 3, Border
[116.4549,39.88384,2323.89], 3, Core
[116.43206,39.9228,2312.64], 3, Core
[116.47909,39.89989,2219.12], 3, Core
[116.42446,39.89521,2285.49], 3, Core
[116.44414,39.90706,2354.3], 3, Core
[116.69155,39.85172,2235.36], 3, Core
[116.47082,39.90315,2216.11], 3, Core
[116.4497,39.88331,2210.07], 3, Core
[116.44892,39.92719,2263.56], 3, Core
[116.45501,39.94397,2260.55], 3, Core
[116.59985,39.90881,2283.36], 3, Border
[116.47108,39.88725,2302.78], 3, Core
[116.42871,39.91976,2311.83], 3, Core
[116.4329,39.89825,2308.81], 3, Core
[116.43983,39.92112,2314.84], 3, Core
[116.43285,39.89309,2287.7], 3, Core
[116.45678,39.91749,2301.35], 3, Core
[116.44952,39.89255,2272.61], 3, Core
[116.69162,39.85177,2211.37], 3, Core
[116.44426,39.9262,2264.37], 3, Core
[116.45452,39.93618,2225.16], 3, Core
[116.45458,39.92156,2224.35], 3, Core
[116.41147,39.89588,2281.66], 3, Core
[116.46105,39.96903,2227.36], 3, Core
[116.44397,39.90731,2269.6], 3, Core
[116.69159,39.85156,2265.36], 3, Border
[116.56646,39.92326,2377.77], 3, Border
[116.4555,39.88601,2305.8], 3, Core
[116.44563,39.88332,2207.07], 3, Core
[116.4711,39.88478,2303.59], 3, Core
[116.50062,39.90666,2356.81], 3, Core
[116.45448,39.90566,2270.4], 3, Core
[116.64668,39.89091,2277.36], 3, Core
[116.42059,39.90385,2348.0], 3, Core
[116.4609,39.9261,2392.4], 3, Core
[116.41623,39.89587,2282.47], 3, Core
[116.69158,39.8516,4615.13], 4, Core
[116.69158,39.8516,4615.13], 4, Core
[116.69157,39.85177,4621.12], 4, Core
[116.69156,39.8517,4627.12], 4, Core
[116.69156,39.85169,4633.12], 4, Core
[116.69155,39.8517,4639.13], 4, Core
[116.69163,39.85136,4645.13], 4, Core
[116.69153,39.85165,4651.12], 4, Core
[116.69157,39.85169,4657.12], 4, Core
[116.69177,39.85177,4663.12], 4, Core
[116.69173,39.85179,4669.12], 4, Core
[116.69165,39.8514,4675.12], 4, Core
[116.69163,39.85147,4681.12], 4, Core
[116.69169,39.85076,4687.11], 4, Core
[116.69184,39.85102,4693.11], 4, Core
[116.69102,39.85177,4699.11], 4, Core
[116.69137,39.85165,4705.11], 4, Core
[116.69145,39.85175,4711.12], 4, Core
[116.69171,39.85187,4717.12], 4, Core
[116.69163,39.85178,4723.11], 4, Core
[116.6916,39.85176,4729.11], 4, Core
[116.69137,39.8519,4735.11], 4, Core
[116.69147,39.8517,4741.11], 4, Core
[116.69152,39.85143,4747.12], 4, Core
[116.6915,39.85161,4753.11], 4, Core
[116.69152,39.85164,4759.11], 4, Core
[116.69154,39.85165,4765.11], 4, Core
[116.69149,39.85161,4771.11], 4, Core
[116.69162,39.85164,4777.11], 4, Core
[116.69159,39.85159,4783.11], 4, Core
[116.69158,39.85165,4789.11], 4, Core
[116.69158,39.85165,4789.11], 4, Core
[116.69163,39.85169,4795.1], 4, Core
[116.69154,39.85173,4801.1], 4, Core
[116.69154,39.85175,4807.1], 4, Core
[116.69159,39.85167,4813.1], 4, Core
[116.69163,39.85141,4819.11], 4, Core
[116.69162,39.85161,4825.11], 4, Core
[116.6916,39.85161,4831.1], 4, Core
[116.69154,39.85188,4837.1], 4, Core
[116.69158,39.85197,4843.1], 4, Core
[116.69158,39.85187,4849.1], 4, Core
[116.69159,39.85183,4855.11], 4, Core
[116.69162,39.85147,4861.11], 4, Core
[116.69156,39.85158,4867.1], 4, Border
[116.69155,39.85164,4873.1], 4, Border
[116.69153,39.85165,4879.1], 4, Border
[116.69153,39.85166,4885.1], 4, Border
[116.66179,39.88372,4891.1], 4, Border
[116.6916,39.85172,4477.13], 4, Core
[116.69155,39.85173,4447.14], 4, Core
[116.69151,39.85161,4573.13], 4, Border
[116.69173,39.85176,4597.12], 4, Border
[116.6916,39.85152,4501.14], 4, Core
[116.69187,39.85201,4519.13], 4, Core
[116.69168,39.8518,4423.14], 4, Core
[116.69152,39.85161,4531.13], 4, Core
[116.69159,39.85184,4489.13], 4, Core
[116.69152,39.8516,4555.12], 4, Border
[116.69173,39.8515,4471.13], 4, Core
[116.69152,39.85159,4549.13], 4, Core
[116.69166,39.85154,4417.14], 4, Core
[116.69167,39.85149,4411.14], 4, Core
[116.69151,39.85161,4561.13], 4, Border
[116.69159,39.85169,4405.14], 4, Core
[116.6916,39.85154,4495.14], 4, Core
[116.69152,39.85167,4525.13], 4, Core
[116.69136,39.85164,4459.14], 4, Core
[116.69141,39.85171,4465.14], 4, Core
[116.69156,39.85179,4483.13], 4, Core
[116.6916,39.85151,4507.13], 4, Core
[116.69152,39.85175,4441.14], 4, Core
[116.6915,39.85166,4537.13], 4, Core
[116.6917,39.85181,4429.14], 4, Core
[116.69152,39.8516,4543.13], 4, Core
[116.69161,39.8518,4579.13], 4, Border
[116.69152,39.85161,4567.13], 4, Border
[116.6916,39.85156,4513.13], 4, Core
[116.69163,39.85181,4435.14], 4, Core
[116.69158,39.85191,4375.15], 4, Core
[116.69156,39.85189,4369.15], 4, Core
[116.69156,39.85179,4345.14], 4, Border
[116.65535,39.88832,4333.15], 4, Border
[116.69171,39.85199,4363.14], 4, Core
[116.69179,39.85168,4357.14], 4, Border
[116.69181,39.85168,4351.14], 4, Border
[116.6916,39.85171,4387.14], 4, Core
[116.69161,39.85167,4399.14], 4, Core
[116.69158,39.85189,4381.14], 4, Core
[116.69152,39.85197,4339.15], 4, Border
[116.69164,39.85166,4393.14], 4, Core
[116.45473,39.86994,4431.56], 5, Core
[116.39328,39.92415,4413.13], 5, Core
[116.45486,39.87602,4431.23], 5, Core
[116.4049,39.91659,4416.48], 5, Core
[116.4556,39.86714,4440.61], 5, Core
[116.40477,39.91411,4416.14], 5, Core
[116.35206,39.9391,4404.41], 5, Core
[116.35762,39.93532,4407.09], 5, Core
[116.39354,39.92203,4413.46], 5, Core
[116.41083,39.93482,4419.5], 5, Core
[116.4556,39.86714,4437.26], 5, Core
[116.45892,39.88085,4444.23], 5, Core
[116.41081,39.93225,4419.16], 5, Core
[116.35762,39.93532,4407.43], 5, Core
[116.43341,39.93972,4422.51], 5, Core
[116.37333,39.93153,4410.45], 5, Core
[116.45466,39.90663,4428.45], 5, Core
[116.42913,39.93937,4422.21], 5, Core
[116.45561,39.86713,4434.58], 5, Core
[116.34789,39.93885,4404.08], 5, Core
[116.43986,39.92531,4425.19], 5, Core
[116.33929,39.93789,4401.4], 5, Core
[116.45767,39.88116,4446.31], 5, Core
[116.45562,39.86712,4434.24], 5, Core
[116.4556,39.86714,4437.6], 5, Core
[116.4556,39.86714,4440.28], 5, Core
[116.45451,39.90568,4428.55], 5, Core
[116.45767,39.88116,4446.35], 5, Core
[116.45528,39.87971,4443.29], 5, Core
[116.37333,39.93153,4410.11], 5, Core
[116.33925,39.93981,4401.06], 5, Core
[116.39704,39.90709,4110.54], 5, Core
[116.37579,39.9311,4101.49], 5, Core
[116.44126,39.88327,4230.51], 5, Core
[116.53613,40.02323,4124.27], 5, Border
[116.38163,39.87058,4042.83], 5, Core
[116.42467,39.88763,4288.57], 5, Core
[116.57738,39.91294,4045.57], 5, Border
[116.39565,39.89889,4257.66], 5, Core
[116.46177,39.88019,4029.1], 5, Core
[116.33656,39.8966,4068.32], 5, Core
[116.47097,39.97674,4121.25], 5, Core
[116.46655,39.99331,4336.08], 5, Core
[116.46902,39.99531,4336.83], 5, Core
[116.4847,39.91423,4309.14], 5, Core
[116.41523,39.89172,4243.32], 5, Core
[116.40433,39.94796,4296.87], 5, Core
[116.45768,39.88083,4167.11], 5, Core
[116.47153,39.86935,4032.12], 5, Core
[116.45522,39.94837,4146.74], 5, Core
[116.45524,39.93292,4148.4], 5, Core
[116.31565,39.90625,4074.35], 5, Border
[116.36679,39.94741,4398.04], 5, Core
[116.46446,39.97418,4342.11], 5, Core
[116.39179,39.98674,4330.79], 5, Core
[116.4124,39.89013,4284.81], 5, Core
[116.41454,39.88009,4267.45], 5, Core
[116.38946,39.89868,4056.25], 5, Core
[116.53903,39.91508,4049.1], 5, Border
[116.4496,39.88657,4386.31], 5, Core
[116.38051,39.85027,4273.49], 5, Core
[116.36392,39.96679,4363.66], 5, Core
[116.44211,39.96009,4143.72], 5, Core
[116.45535,39.87856,4227.49], 5, Core
[116.40521,39.89941,4258.41], 5, Core
[116.4528,39.95353,4142.37], 5, Core
[116.40611,39.88683,4252.37], 5, Core
[116.36903,39.88811,4047.2], 5, Core
[116.35334,39.88809,4065.3], 5, Core
[116.39504,39.89072,4255.39], 5, Core
[116.45286,39.98352,4333.81], 5, Core
[116.4212,39.89599,4242.58], 5, Core
[116.43418,39.9071,4379.94], 5, Core
[116.44834,39.95616,4145.39], 5, Core
[116.38173,39.86434,4278.77], 5, Core
[116.50432,40.00722,4136.34], 5, Core
[116.40199,39.94955,4297.62], 5, Core
[116.45094,39.93667,4017.03], 5, Core
[116.35991,39.94544,4398.38], 5, Core
[116.41865,39.98787,4351.91], 5, Core
[116.42987,39.92298,4237.29], 5, Core
[116.4294,39.90748,4239.56], 5, Core
[116.45522,39.9322,4149.75], 5, Core
[116.4442,39.98228,4333.06], 5, Core
[116.40172,39.95741,4300.64], 5, Core
[116.54773,40.02738,4134.67], 5, Border
[116.44847,39.979,4348.15], 5, Core
[116.39019,39.92849,4374.25], 5, Core
[116.33637,39.90106,4069.98], 5, Core
[116.40048,39.91262,4376.93], 5, Core
[116.4266,39.89935,4291.59], 5, Core
[116.45762,39.88096,4164.84], 5, Core
[116.44482,39.92565,4018.7], 5, Core
[116.30893,39.99878,4324.76], 5, Border
[116.39408,39.85591,4270.47], 5, Core
[116.34998,39.92604,4086.41], 5, Core
[116.40682,39.88697,4246.34], 5, Core
[116.45887,39.94276,4014.02], 5, Core
[116.37432,39.96818,4095.46], 5, Core
[116.44331,39.85827,4036.8], 5, Core
[116.42959,39.90804,4233.53], 5, Core
[116.42748,39.98218,4357.19], 5, Core
[116.45649,39.94257,4015.68], 5, Core
[116.38305,39.90062,4054.9], 5, Core
[116.38995,39.88219,4248.61], 5, Core
[116.48081,39.98595,4137.69], 5, Core
[116.38238,39.93186,4104.5], 5, Core
[116.44993,39.87827,4389.33], 5, Core
[116.41309,39.88601,4285.55], 5, Core
[116.43316,39.92555,4236.54], 5, Core
[116.44847,39.979,4348.89], 5, Core
[116.37329,39.93601,4100.14], 5, Core
[116.40197,39.95148,4299.89], 5, Core
[116.45887,39.94276,4012.67], 5, Core
[116.35998,39.96645,4306.67], 5, Core
[116.40984,39.85605,4269.72], 5, Core
[116.3757,39.92902,4103.15], 5, Core
[116.45773,40.00276,4000.6], 5, Core
[116.44333,39.97118,4345.88], 5, Core
[116.41773,39.98787,4354.93], 5, Core
[116.56668,39.91402,4321.14], 5, Border
[116.36347,39.98247,4092.45], 5, Border
[116.48366,39.94303,4297.16], 5, Core
[116.41477,39.87814,4282.54], 5, Core
[116.51731,39.91134,4315.14], 5, Core
[116.38703,39.88409,4059.27], 5, Core
[116.45514,39.90361,4026.08], 5, Core
[116.36919,39.9858,4094.11], 5, Border
[116.415,39.89168,4261.42], 5, Core
[116.48572,39.93235,4170.97], 5, Core
[116.39087,39.9619,4302.91], 5, Core
[116.51471,39.91661,4176.97], 5, Core
[116.28772,39.91604,4079.03], 5, Border
[116.41181,39.85586,4038.15], 5, Core
[116.45926,39.96878,4342.86], 5, Core
[116.41257,39.89214,4260.67], 5, Core
[116.46148,40.00013,4001.95], 5, Core
[116.43561,39.9071,4380.28], 5, Core
[116.46882,39.87476,4030.77], 5, Core
[116.39054,39.96187,4303.65], 5, Core
[116.43777,39.90734,4023.07], 5, Core
[116.47838,39.95548,4009.65], 5, Core
[116.48811,39.96083,4007.98], 5, Core
[116.28892,39.91138,4077.36], 5, Border
[116.38066,39.85491,4276.5], 5, Core
[116.41142,39.90673,4112.2], 5, Core
[116.45558,39.87009,4035.13], 5, Core
[116.44353,39.9721,4345.13], 5, Core
[116.46526,39.95104,4011.0], 5, Core
[116.45509,39.91179,4154.44], 5, Core
[116.40524,39.89147,4254.64], 5, Core
[116.34265,39.8931,4066.96], 5, Core
[116.42417,39.94841,4395.36], 5, Core
[116.45187,39.95994,4139.35], 5, Core
[116.42853,39.9194,4293.86], 5, Core
[116.45502,39.88303,4027.75], 5, Core
[116.42717,39.89954,4240.31], 5, Core
[116.32984,39.9026,4071.33], 5, Core
[116.42776,39.88236,4263.69], 5, Core
[116.42808,39.87961,4264.44], 5, Core
[116.3839,39.8819,4060.93], 5, Core
[116.41578,39.86896,4281.79], 5, Core
[116.43892,39.88715,4231.26], 5, Core
[116.41516,39.88262,4266.71], 5, Core
[116.44413,39.91661,4020.05], 5, Core
[116.44959,39.88926,4385.98], 5, Core
[116.42795,39.93097,4294.6], 5, Core
[116.45496,39.90346,4383.3], 5, Core
[116.30708,39.96292,4308.94], 5, Border
[116.48361,39.95176,4119.59], 5, Core
[116.39031,39.92707,4106.17], 5, Core
[116.40053,39.90782,4377.27], 5, Core
[116.45481,39.90378,4382.96], 5, Core
[116.48394,39.90847,4116.57], 5, Core
[116.48389,39.94051,4118.24], 5, Core
[116.42294,39.88551,4287.82], 5, Core
[116.3297,39.99154,4327.03], 5, Border
[116.48872,39.96184,4006.63], 5, Core
[116.40121,39.88673,4251.62], 5, Core
[116.30604,39.92269,4082.05], 5, Border
[116.43118,39.98806,4351.16], 5, Core
[116.57086,40.03852,4125.62], 5, Border
[116.3659,39.88795,4063.95], 5, Core
[116.42862,39.91839,4234.27], 5, Core
[116.37616,39.90805,4053.23], 5, Core
[116.4276,39.94513,4395.03], 5, Core
[116.34987,39.94911,4088.08], 5, Core
[116.37376,39.98624,4330.05], 5, Core
[116.38119,39.88172,4044.18], 5, Core
[116.36832,39.89801,4048.87], 5, Core
[116.33932,39.92189,4085.06], 5, Core
[116.41792,39.9934,4354.18], 5, Core
[116.38054,39.85449,4272.74], 5, Core
[116.43808,39.9069,4024.73], 5, Core
[116.39455,39.86415,4039.82], 5, Core
[116.46396,39.99133,4339.84], 5, Core
[116.41273,39.8861,4245.59], 5, Core
[116.45034,39.88309,4157.45], 5, Core
[116.43464,39.89786,4392.01], 5, Core
[116.45512,39.92066,4151.42], 5, Core
[116.37855,39.88721,4045.85], 5, Core
[116.43421,39.90708,4113.55], 5, Core
[116.45,39.88149,4388.99], 5, Core
[116.32902,39.90884,4073.0], 5, Core
[116.4667,39.99374,4339.1], 5, Core
[116.38909,39.88192,4249.36], 5, Core
[116.46539,39.98307,4003.62], 5, Core
[116.30774,40.02229,4321.75], 5, Border
[116.45025,39.95472,4140.7], 5, Core
[116.3776,39.96688,4305.92], 5, Core
[116.38343,39.86935,4279.52], 5, Core
[116.35289,39.96619,4089.43], 5, Core
[116.44936,39.89199,4161.82], 5, Core
[116.38745,39.86408,4041.17], 5, Core
[116.3807,39.85097,4275.76], 5, Core
[116.45582,39.88291,4163.49], 5, Core
[116.43433,39.89222,4160.47], 5, Core
[116.43024,39.90047,4392.35], 5, Core
[116.47696,39.97553,4004.97], 5, Core
[116.33432,39.99043,4327.78], 5, Border
[116.36809,39.90238,4050.22], 5, Core
[116.30062,39.96886,4309.69], 5, Border
[116.32263,39.92194,4083.4], 5, Core
[116.29599,39.90632,4076.01], 5, Border
[116.30886,40.00111,4324.01], 5, Border
[116.42137,39.89396,4290.84], 5, Core
[116.43777,39.90734,4021.72], 5, Core
[116.49605,39.9995,4122.6], 5, Core
[116.38119,39.88201,4062.28], 5, Core
[116.55059,40.02822,3983.85], 5, Border
[116.48401,39.98859,3973.45], 5, Core
[116.39594,39.96863,3965.75], 5, Core
[116.49339,39.97406,3992.9], 5, Core
[116.39573,39.97373,3967.42], 5, Core
[116.41444,39.98213,3959.72], 5, Core
[116.40124,39.98004,3968.77], 5, Core
[116.50249,40.00557,3985.52], 5, Core
[116.45566,39.93834,3950.68], 5, Core
[116.43316,39.98033,3953.7], 5, Core
[116.45572,39.91279,3949.33], 5, Core
[116.43027,39.98671,3956.7], 5, Core
[116.39782,39.97384,3962.74], 5, Core
[116.43115,39.98633,3955.36], 5, Core
[116.40366,39.98177,3961.39], 5, Core
[116.55748,40.03069,3976.47], 5, Border
[116.45801,39.88061,3944.65], 5, Core
[116.51053,40.01257,3974.8], 5, Border
[116.48738,39.99187,3988.53], 5, Core
[116.42341,39.98212,3958.37], 5, Core
[116.4554,39.88469,3947.66], 5, Core
[116.48366,39.97878,3994.57], 5, Core
[116.45768,39.97357,3971.79], 5, Core
[116.47841,39.97461,3991.55], 5, Core
[116.43689,39.96398,3952.35], 5, Core
[116.40109,39.97399,3964.4], 5, Core
[116.46199,39.99559,3998.93], 5, Core
[116.46079,39.88052,3946.31], 5, Core
[116.49157,39.99571,3986.87], 5, Core
[116.43004,39.98775,3970.43], 5, Core
[116.46814,39.98886,3997.58], 5, Core
[116.47689,39.98293,3995.92], 5, Core
[116.4835,39.98101,3989.88], 5, Core
[116.27908,39.94509,1800.63], 6, Border
[116.29444,39.94424,1802.58], 6, Border
[116.30363,39.9403,1803.65], 6, Border
[116.31561,39.9311,1805.6], 6, Border
[116.3232,39.93107,1806.66], 6, Border
[116.34332,39.93102,1808.62], 6, Border
[116.34723,39.92689,1809.68], 6, Core
[116.35209,39.92238,1811.63], 6, Core
[116.35992,39.92252,1812.7], 6, Core
[116.37108,39.9219,1814.65], 6, Core
[116.37843,39.92109,1815.71], 6, Core
[116.39352,39.92199,1817.67], 6, Core
[116.39672,39.91392,1818.73], 6, Core
[116.41163,39.90773,1821.75], 6, Core
[116.41209,39.90198,1824.76], 6, Core
[116.41214,39.90059,1826.72], 6, Core
[116.41262,39.89466,1827.78], 6, Core
[116.41188,39.89578,1829.73], 6, Core
[116.40917,39.89231,1830.8], 6, Core
[116.38944,39.88933,1832.75], 6, Core
[116.38158,39.88828,1833.81], 6, Core
[116.39945,39.89117,1835.77], 6, Core
[116.41405,39.89164,1836.83], 6, Core
[116.43824,39.88929,1839.85], 6, Core
[116.43824,39.88929,1839.85], 6, Core
[116.44996,39.88298,1841.8], 6, Core
[116.45,39.87938,1842.86], 6, Core
[116.45314,39.88029,1850.91], 6, Core
[116.45458,39.86764,1852.56], 6, Core
[116.45433,39.86591,1853.92], 6, Core
[116.45552,39.86717,1856.94], 6, Core
[116.45552,39.86717,1858.6], 6, Core
[116.45552,39.86717,1859.96], 6, Core
[116.4555,39.86716,1861.61], 6, Core
[116.4555,39.86716,1862.97], 6, Core
[116.4555,39.86716,1862.97], 6, Core
[116.4555,39.86716,1865.99], 6, Core
[116.4555,39.86716,1867.64], 6, Core
[116.455,39.86857,1870.66], 6, Core
[116.45872,39.88076,1872.02], 6, Core
[116.44466,39.88082,1703.05], 6, Core
[116.51175,39.9155,1689.23], 6, Core
[116.45377,39.89264,1694.0], 6, Core
[116.36991,39.94758,1785.55], 6, Border
[116.45565,39.90723,1757.33], 6, Core
[116.47105,39.88386,1625.05], 6, Core
[116.43611,39.85737,1742.26], 6, Core
[116.4201,39.9144,1617.45], 6, Core
[116.43354,39.85778,1733.21], 6, Core
[116.43933,39.85697,1748.29], 6, Core
[116.45526,39.88112,1675.56], 6, Core
[116.43923,39.85078,1743.33], 6, Core
[116.45579,39.90076,1755.38], 6, Core
[116.47144,39.89943,1623.49], 6, Core
[116.42898,39.91092,1619.01], 6, Core
[116.42734,39.9469,1778.45], 6, Core
[116.46176,39.86961,1752.37], 6, Core
[116.45774,39.88105,1629.32], 6, Core
[116.45526,39.88052,1675.42], 6, Core
[116.43266,39.86545,1715.11], 6, Core
[116.43253,39.9326,1775.43], 6, Core
[116.45535,39.88806,1754.32], 6, Core
[116.44533,39.88034,1709.08], 6, Core
[116.45006,39.87926,1657.32], 6, Core
[116.42559,39.86027,1737.29], 6, Core
[116.3301,39.93692,1793.53], 6, Border
[116.42837,39.93287,1776.5], 6, Core
[116.45156,39.86364,1749.36], 6, Core
[116.44707,39.85359,1728.24], 6, Core
[116.45478,39.87959,1672.4], 6, Core
[116.32508,39.93711,1794.6], 6, Border
[116.44994,39.88326,1701.09], 6, Core
[116.37293,39.94758,1784.48], 6, Border
[116.45581,39.89838,1663.5], 6, Core
[116.43116,39.87658,1713.16], 6, Core
[116.38896,39.94768,1781.47], 6, Border
[116.45601,39.8807,1654.45], 6, Core
[116.45174,39.90764,1758.4], 6, Core
[116.42585,39.8581,1736.23], 6, Core
[116.44998,39.87957,1707.13], 6, Core
[116.35608,39.94432,1788.56], 6, Border
[116.51672,39.90887,1695.23], 6, Core
[116.44949,39.88722,1666.37], 6, Core
[116.45213,39.89586,1695.06], 6, Core
[116.38288,39.94764,1782.53], 6, Border
[116.44324,39.85727,1727.18], 6, Core
[116.47511,39.91397,1683.23], 6, Core
[116.43029,39.90205,1620.47], 6, Core
[116.45552,39.88439,1660.34], 6, Core
[116.45849,39.90324,1622.03], 6, Core
[116.44434,39.93101,1767.45], 6, Core
[116.43234,39.85921,1725.23], 6, Core
[116.44864,39.85186,1730.2], 6, Core
[116.45474,39.87764,1672.55], 6, Core
[116.35242,39.94331,1790.52], 6, Border
[116.4409,39.8428,1746.34], 6, Core
[116.4556,39.89778,1663.35], 6, Core
[116.34904,39.94131,1791.58], 6, Border
[116.46197,39.88311,1626.5], 6, Core
[116.43082,39.87996,1712.1], 6, Core
[116.44953,39.87492,1706.06], 6, Core
[116.4413,39.87468,1669.53], 6, Core
[116.44052,39.88039,1710.14], 6, Core
[116.44464,39.87645,1704.11], 6, Core
[116.45765,39.88112,1628.06], 6, Core
[116.42598,39.8645,1719.19], 6, Core
[116.44429,39.92961,1764.43], 6, Core
[116.44967,39.88637,1666.51], 6, Core
[116.45402,39.88655,1700.03], 6, Core
[116.42504,39.86096,1722.21], 6, Core
[116.45208,39.91211,1760.35], 6, Core
[116.27915,39.94441,1799.57], 6, Border
[116.44439,39.85714,1731.26], 6, Core
[116.42438,39.86332,1721.15], 6, Core
[116.44611,39.93232,1769.4], 6, Core
[116.46165,39.86874,1751.31], 6, Core
[116.44252,39.87478,1669.39], 6, Core
[116.42791,39.8646,1718.13], 6, Core
[116.29417,39.94454,1796.55], 6, Border
[116.43061,39.86457,1716.18], 6, Core
[116.45601,39.8807,1654.3], 6, Core
[116.452,39.89769,1698.08], 6, Core
[116.45173,39.91528,1761.42], 6, Core
[116.42692,39.86461,1739.25], 6, Core
[116.46485,39.89223,1690.98], 6, Core
[116.45529,39.88893,1689.03], 6, Core
[116.41369,39.91558,1616.0], 6, Core
[116.4491,39.92646,1770.47], 6, Core
[116.46242,39.89379,1692.04], 6, Core
[116.44432,39.93033,1766.38], 6, Core
[116.42703,39.85754,1734.28], 6, Core
[116.2829,39.94584,1797.61], 6, Border
[116.44324,39.89803,1697.01], 6, Core
[116.35982,39.94546,1787.5], 6, Border
[116.43164,39.86111,1724.16], 6, Core
[116.41695,39.89609,1450.56], 6, Core
[116.42127,39.89536,1369.11], 6, Core
[116.41131,39.86984,1352.96], 6, Core
[116.40051,39.89111,1506.34], 6, Core
[116.36861,39.89848,1481.66], 6, Core
[116.36467,39.88791,1496.74], 6, Core
[116.41159,39.90707,1381.18], 6, Core
[116.4058,39.89854,1508.81], 6, Core
[116.43209,39.89841,1374.07], 6, Border
[116.37847,39.89294,1478.64], 6, Core
[116.36542,39.89839,1482.2], 6, Core
[116.36182,39.86681,1358.99], 6, Border
[116.43321,39.89225,1440.44], 6, Core
[116.40603,39.9036,1578.73], 6, Core
[116.42448,39.89222,1453.58], 6, Core
[116.36669,39.88784,1420.4], 6, Core
[116.40029,39.89935,1575.17], 6, Core
[116.45245,39.87486,1337.88], 6, Border
[116.37897,39.89889,1530.47], 6, Core
[116.3762,39.89873,1404.24], 6, Core
[116.32946,39.90539,1545.55], 6, Core
[116.40533,39.89943,1557.62], 6, Core
[116.44424,39.89215,1455.52], 6, Core
[116.32244,39.89604,1536.5], 6, Core
[116.35211,39.8976,1551.04], 6, Core
[116.4558,39.90326,1346.92], 6, Border
[116.38512,39.88494,1363.08], 6, Core
[116.40992,39.90138,1511.82], 6, Core
[116.44225,39.89216,1387.21], 6, Border
[116.40518,39.89951,1431.39], 6, Core
[116.39273,39.89023,1566.12], 6, Core
[116.40575,39.89135,1366.1], 6, Core
[116.38615,39.87014,1354.03], 6, Core
[116.41542,39.89587,1449.49], 6, Core
[116.35734,39.88863,1494.32], 6, Core
[116.42611,39.90544,1518.4], 6, Core
[116.3573,39.88521,1417.38], 6, Core
[116.44468,39.88244,1390.23], 6, Border
[116.41219,39.91058,1581.2], 6, Core
[116.44953,39.89028,1441.51], 6, Core
[116.31529,39.90557,1542.53], 6, Core
[116.44681,39.88031,1392.17], 6, Border
[116.36734,39.88781,1499.76], 6, Core
[116.33773,39.89801,1485.22], 6, Core
[116.36149,39.8985,1532.94], 6, Core
[116.37808,39.89797,1425.36], 6, Core
[116.34923,39.86654,1357.05], 6, Border
[116.42581,39.89374,1437.42], 6, Core
[116.41809,39.91581,1584.76], 6, Core
[116.32828,39.90544,1545.01], 6, Core
[116.45483,39.88315,1344.98], 6, Border
[116.40991,39.90416,1514.84], 6, Core
[116.41282,39.89565,1368.04], 6, Core
[116.50839,39.90916,1447.31], 6, Border
[116.37796,39.8999,1426.43], 6, Core
[116.35864,39.89865,1533.48], 6, Core
[116.3502,39.90025,1488.24], 6, Core
[116.4098,39.90627,1515.39], 6, Core
[116.32873,39.89632,1535.96], 6, Core
[116.40533,39.89943,1557.07], 6, Core
[116.39418,39.89894,1401.22], 6, Core
[116.37177,39.88818,1569.68], 6, Core
[116.41232,39.89609,1560.09], 6, Core
[116.36829,39.86907,1360.06], 6, Border
[116.37829,39.89497,1479.2], 6, Core
[116.41976,39.89599,1447.54], 6, Core
[116.42234,39.90685,1517.86], 6, Core
[116.36628,39.88784,1497.29], 6, Core
[116.33809,39.89797,1484.68], 6, Core
[116.37865,39.88822,1569.14], 6, Core
[116.41836,39.89592,1384.2], 6, Core
[116.41521,39.91067,1581.74], 6, Core
[116.37505,39.88789,1503.32], 6, Core
[116.44384,39.8833,1389.16], 6, Border
[116.43914,39.88287,1351.01], 6, Border
[116.31606,39.89607,1538.97], 6, Core
[116.35031,39.90114,1487.69], 6, Core
[116.3567,39.89791,1551.58], 6, Core
[116.41242,39.89976,1398.21], 6, Core
[116.44202,39.8924,1349.94], 6, Border
[116.40549,39.90038,1509.35], 6, Core
[116.4115,39.9158,1380.11], 6, Core
[116.37724,39.88803,1422.34], 6, Core
[116.37762,39.88804,1423.41], 6, Core
[116.43815,39.89537,1395.19], 6, Border
[116.39348,39.89885,1402.3], 6, Core
[116.38963,39.89871,1429.45], 6, Core
[116.41933,39.91564,1584.21], 6, Core
[116.31551,39.89663,1539.52], 6, Core
[116.38669,39.89886,1554.6], 6, Core
[116.40657,39.89971,1399.28], 6, Core
[116.5094,39.90679,1453.31], 6, Border
[116.36745,39.88769,1502.77], 6, Core
[116.42036,39.89922,1434.41], 6, Core
[116.53787,39.915,1441.31], 6, Border
[116.45865,39.88105,1335.93], 6, Border
[116.45544,39.90629,1348.0], 6, Border
[116.41185,39.89968,1432.46], 6, Core
[116.42417,39.89938,1396.26], 6, Border
[116.42623,39.89616,1438.49], 6, Core
[116.41531,39.90115,1521.42], 6, Core
[116.42135,39.894,1446.47], 6, Core
[116.37327,39.89847,1572.16], 6, Core
[116.41104,39.89554,1563.11], 6, Core
[116.44298,39.88341,1372.13], 6, Border
[116.36153,39.88612,1419.32], 6, Core
[116.41903,39.89213,1473.16], 6, Core
[116.40157,39.8995,1527.45], 6, Core
[116.34828,39.8683,1355.97], 6, Border
[116.44027,39.88038,1393.25], 6, Border
[116.41177,39.89404,1563.65], 6, Core
[116.3571,39.89842,1411.35], 6, Core
[116.39237,39.8901,1476.17], 6, Core
[116.33668,39.90585,1548.02], 6, Core
[116.43007,39.90846,1375.15], 6, Border
[116.38956,39.88942,1566.67], 6, Core
[116.38014,39.89865,1554.06], 6, Core
[116.44463,39.87931,1340.89], 6, Border
[116.44959,39.8893,1456.59], 6, Core
[116.33857,39.90584,1548.57], 6, Core
[116.36661,39.88799,1500.3], 6, Core
[116.41237,39.89577,1560.63], 6, Core
[116.40981,39.90146,1512.37], 6, Core
[116.40569,39.90358,1578.19], 6, Core
[116.3952,39.89039,1505.79], 6, Core
[116.35732,39.88897,1493.73], 6, Core
[116.41176,39.89577,1383.12], 6, Core
[116.42555,39.89928,1435.48], 6, Core
[116.3678,39.89847,1405.31], 6, Core
[116.37576,39.88175,1362.01], 6, Border
[116.3978,39.89118,1475.63], 6, Core
[116.45003,39.88288,1338.95], 6, Border
[116.38543,39.9004,1428.37], 6, Core
[116.31528,39.90425,1541.99], 6, Core
[116.45437,39.88314,1343.91], 6, Border
[116.35425,39.9042,1408.33], 6, Core
[116.38273,39.89883,1572.7], 6, Core
[116.35088,39.90203,1407.26], 6, Core
[116.44972,39.87491,1341.96], 6, Border
[116.35725,39.89022,1490.71], 6, Core
[116.41531,39.90115,1520.87], 6, Core
[116.3571,39.89842,1410.27], 6, Core
[116.40588,39.89967,1526.91], 6, Core
[116.41333,39.89998,1524.43], 6, Core
[116.38284,39.89905,1529.92], 6, Core
[116.4496,39.89139,1443.46], 6, Core
[116.42931,39.89215,1386.14], 6, Border
[116.4003,39.89934,1575.72], 6, Core
[116.41339,39.9,1523.89], 6, Core
[116.35713,39.89743,1413.29], 6, Core
[116.35717,39.89246,1414.36], 6, Core
[116.49705,39.90693,604.51], 7, Core
[116.43653,39.90566,610.51], 7, Core
[116.45075,39.87495,616.51], 7, Core
[116.45551,39.88319,622.51], 7, Core
[116.4592,39.90698,601.63], 7, Core
[116.4729,39.90691,602.69], 7, Core
[116.47194,39.90773,604.65], 7, Core
[116.46939,39.91241,605.71], 7, Core
[116.4633,39.91104,607.66], 7, Core
[116.45628,39.90733,608.73], 7, Core
[116.45507,39.90035,610.83], 7, Core
[116.45026,39.89618,611.74], 7, Core
[116.45493,39.88665,613.7], 7, Core
[116.44329,39.88332,616.71], 7, Core
[116.44518,39.88322,617.78], 7, Core
[116.45487,39.87304,619.73], 7, Core
[116.44755,39.86101,620.79], 7, Core
[116.46603,39.84263,622.75], 7, Core
[116.45762,39.84091,623.81], 7, Core
[116.46164,39.83995,625.76], 7, Core
[116.45883,39.84971,626.83], 7, Core
[116.45529,39.89037,631.8], 7, Core
[116.45551,39.89887,632.86], 7, Core
[116.4705,39.90674,634.81], 7, Core
[116.48245,39.90531,635.88], 7, Core
[116.48978,39.90706,637.83], 7, Core
[116.48064,39.90731,638.89], 7, Core
[116.47216,39.92131,643.86], 7, Core
[116.4722,39.92752,644.93], 7, Core
[116.46306,39.9325,646.88], 7, Core
[116.45658,39.93254,647.94], 7, Core
[116.44946,39.93247,649.9], 7, Core
[116.42925,39.93241,652.91], 7, Core
[116.42789,39.93279,653.98], 7, Core
[116.41963,39.93871,655.93], 7, Core
[116.43019,39.93909,656.99], 7, Core
[116.4301,39.93849,658.94], 7, Core
[116.43786,39.93983,660.01], 7, Core
[116.43272,39.94208,661.96], 7, Core
[116.43663,39.9462,663.03], 7, Core
[116.44416,39.93572,664.97], 7, Core
[116.44395,39.92603,666.03], 7, Core
[116.444,39.92027,667.98], 7, Core
[116.44382,39.90957,669.05], 7, Core
[116.45476,39.9064,671.0], 7, Core
[116.45507,39.90327,672.07], 7, Core
[116.44961,39.89204,674.02], 7, Core
[116.44961,39.89204,674.02], 7, Core
[116.45007,39.88609,675.08], 7, Core
[116.45479,39.88098,677.03], 7, Core
[116.45468,39.87086,678.1], 7, Core
[116.4581,39.88069,680.05], 7, Core
[116.4581,39.88069,681.12], 7, Core
[116.45774,39.88114,777.88], 7, Core
[116.45777,39.88113,778.33], 7, Core
[116.45535,39.87985,781.35], 7, Core
[116.45535,39.87985,781.35], 7, Core
[116.45009,39.87489,783.91], 7, Core
[116.4493,39.87489,784.36], 7, Core
[116.4422,39.86768,786.93], 7, Core
[116.43265,39.8645,789.95], 7, Core
[116.43265,39.8645,789.95], 7, Core
[116.42973,39.86456,790.4], 7, Core
[116.42206,39.86437,792.96], 7, Core
[116.42148,39.86435,793.41], 7, Core
[116.41733,39.85662,795.98], 7, Core
[116.41709,39.85655,796.43], 7, Core
[116.37903,39.85568,799.0], 7, Core
[116.36955,39.85575,799.45], 7, Core
[116.35677,39.84458,802.01], 7, Core
[116.35567,39.84455,802.46], 7, Core
[116.37281,39.85546,805.03], 7, Core
[116.37858,39.8555,805.48], 7, Core
[116.4029,39.85546,808.05], 7, Core
[116.40499,39.85558,808.5], 7, Core
[116.40784,39.85732,811.06], 7, Core
[116.40805,39.86057,811.51], 7, Core
[116.41288,39.86219,814.08], 7, Core
[116.41276,39.86362,814.53], 7, Core
[116.41529,39.86824,817.1], 7, Core
[116.41498,39.87527,817.55], 7, Core
[116.42508,39.88277,820.11], 7, Core
[116.42516,39.88352,820.56], 7, Core
[116.44348,39.89215,823.58], 7, Core
[116.45,39.88428,826.15], 7, Core
[116.45,39.88428,826.6], 7, Core
[116.43036,39.88307,829.16], 7, Core
[116.42606,39.88291,829.61], 7, Core
[116.40725,39.887,832.18], 7, Core
[116.40384,39.8869,832.63], 7, Core
[116.39278,39.88513,835.2], 7, Core
[116.39234,39.88317,835.65], 7, Core
[116.39263,39.87991,838.21], 7, Core
[116.39266,39.87974,838.66], 7, Core
[116.40605,39.88689,841.23], 7, Core
[116.40927,39.88694,841.68], 7, Core
[116.42045,39.89209,844.25], 7, Core
[116.42095,39.8921,844.7], 7, Core
[116.42408,39.89604,847.26], 7, Core
[116.42465,39.89434,847.71], 7, Core
[116.42138,39.89586,850.28], 7, Core
[116.42106,39.89847,850.73], 7, Core
[116.4126,39.89979,853.3], 7, Core
[116.40954,39.89973,853.75], 7, Core
[116.40075,39.89985,856.31], 7, Core
[116.4007,39.90045,856.76], 7, Core
[116.40081,39.90317,859.33], 7, Core
[116.40076,39.90422,859.78], 7, Core
[116.40062,39.90955,862.35], 7, Core
[116.40063,39.91134,862.79], 7, Core
[116.39643,39.92064,865.36], 7, Core
[116.39643,39.92064,865.36], 7, Core
[116.39359,39.92208,865.81], 7, Core
[116.38751,39.92215,868.38], 7, Core
[116.38752,39.92215,868.83], 7, Core
[116.38529,39.91142,871.39], 7, Core
[116.38529,39.91142,871.84], 7, Core
[116.38554,39.9082,874.41], 7, Core
[116.38562,39.90693,874.86], 7, Core
[116.38544,39.89958,877.42], 7, Core
[116.38042,39.89887,877.87], 7, Core
[116.37216,39.89858,880.43], 7, Core
[116.37216,39.89858,880.89], 7, Core
[116.3613,39.89832,883.45], 7, Core
[116.35683,39.89817,883.9], 7, Core
[116.34639,39.89666,886.47], 7, Core
[116.34581,39.89657,886.92], 7, Core
[116.34182,39.89649,889.48], 7, Core
[116.34121,39.89652,889.93], 7, Core
[116.33727,39.89647,892.5], 7, Core
[116.33681,39.89644,892.95], 7, Core
[116.33379,39.89627,895.52], 7, Core
[116.33059,39.89606,895.97], 7, Core
[116.31848,39.89575,898.53], 7, Core
[116.30135,39.89587,901.55], 7, Border
[116.29783,39.89589,902.0], 7, Border
[116.29161,39.88829,904.57], 7, Border
[116.29447,39.88831,905.02], 7, Border
[116.30396,39.8871,907.58], 7, Border
[116.30336,39.88409,908.03], 7, Border
[116.3007,39.88048,910.6], 7, Border
[116.3001,39.88108,911.05], 7, Border
[116.31057,39.88528,913.62], 7, Core
[116.32394,39.88856,916.63], 7, Core
[116.32914,39.88858,917.08], 7, Core
[116.35045,39.88828,919.65], 7, Core
[116.35148,39.88805,920.1], 7, Core
[116.35982,39.88786,922.67], 7, Core
[116.36321,39.88786,923.12], 7, Core
[116.36853,39.89449,925.68], 7, Core
[116.36869,39.89501,926.13], 7, Core
[116.3821,39.89877,928.7], 7, Core
[116.38329,39.89887,929.15], 7, Core
[116.38329,39.89887,929.15], 7, Core
[116.39823,39.89927,931.72], 7, Core
[116.40395,39.89944,932.17], 7, Core
[116.41199,39.89965,934.73], 7, Core
[116.41253,39.89958,935.18], 7, Core
[116.4323,39.89852,937.75], 7, Core
[116.43008,39.9029,938.2], 7, Core
[116.4279,39.93427,941.22], 7, Core
[116.43447,39.94806,943.78], 7, Core
[116.44342,39.95193,944.23], 7, Core
[116.44115,39.96143,946.8], 7, Core
[116.4405,39.96185,947.25], 7, Core
[116.42271,39.96838,949.82], 7, Core
[116.44078,39.96097,952.83], 7, Core
[116.44404,39.95888,953.28], 7, Core
[116.45532,39.9446,955.85], 7, Core
[116.45527,39.94107,956.3], 7, Core
[116.45526,39.92951,958.87], 7, Core
[116.45523,39.92641,959.31], 7, Core
[116.44417,39.91646,961.88], 7, Core
[116.44414,39.91264,962.33], 7, Core
[116.455,39.90572,964.9], 7, Core
[116.45492,39.90179,965.35], 7, Core
[116.45992,39.89203,967.92], 7, Core
[116.4655,39.89202,968.36], 7, Core
[116.48597,39.8918,970.93], 7, Core
[116.49152,39.89181,971.38], 7, Core
[116.49861,39.89401,973.95], 7, Core
[116.49651,39.89207,974.4], 7, Core
[116.47166,39.89197,976.96], 7, Core
[116.47166,39.89197,977.41], 7, Core
[116.47108,39.88967,979.98], 7, Core
[116.47119,39.88537,980.43], 7, Core
[116.4594,39.88062,983.0], 7, Core
[116.45852,39.88121,983.45], 7, Core
[116.45774,39.88118,984.65], 7, Core
[116.45765,39.88121,987.72], 7, Core
[116.45765,39.88121,987.72], 7, Core
[116.45765,39.88121,987.72], 7, Core
[116.45765,39.88121,987.72], 7, Core
[116.45765,39.88121,987.72], 7, Core
[116.45765,39.88121,987.72], 7, Core
[116.45765,39.88121,987.72], 7, Core
[116.45765,39.88121,987.72], 7, Core
[116.45765,39.88121,987.72], 7, Core
[116.45765,39.88121,987.72], 7, Core
[116.45765,39.88121,987.72], 7, Core
[116.45765,39.88121,987.72], 7, Core
[116.45765,39.88121,987.72], 7, Core
[116.45765,39.88121,987.72], 7, Core
[116.45765,39.88121,987.72], 7, Core
[116.43249,39.89679,485.02], 7, Core
[116.37774,39.88798,575.51], 7, Core
[116.42634,39.89217,488.82], 7, Core
[116.39472,39.89339,579.17], 7, Core
[116.35042,39.89179,569.48], 7, Border
[116.43982,39.87955,478.99], 7, Core
[116.51629,39.90905,598.5], 7, Core
[116.45525,39.88639,599.68], 7, Core
[116.34872,39.89664,567.11], 7, Border
[116.41905,39.89601,488.04], 7, Core
[116.44474,39.87063,494.72], 7, Core
[116.45355,39.95317,503.12], 7, Core
[116.41917,39.9035,482.65], 7, Core
[116.45465,39.87202,497.09], 7, Core
[116.45531,39.91317,542.34], 7, Core
[116.34712,39.89642,564.09], 7, Border
[116.4949,39.99839,506.14], 7, Border
[116.45552,39.90032,500.11], 7, Core
[116.57833,39.91297,586.51], 7, Border
[116.4496,39.89045,548.37], 7, Core
[116.54256,39.91501,592.51], 7, Border
[116.51207,40.01393,533.29], 7, Border
[116.41398,39.90013,482.01], 7, Core
[116.37018,39.88805,557.41], 7, Border
[116.42931,39.89543,485.67], 7, Core
[116.45677,39.96421,536.3], 7, Core
[116.39044,39.88958,554.39], 7, Core
[116.50592,40.00837,506.79], 7, Border
[116.3941,39.89727,581.54], 7, Core
[116.45525,39.90946,542.98], 7, Core
[116.348,39.88842,570.38], 7, Border
[116.40989,39.89163,552.03], 7, Core
[116.36677,39.88798,558.06], 7, Border
[116.36549,39.88785,573.14], 7, Border
[116.45208,39.89665,546.06], 7, Core
[116.44935,39.88321,491.06], 7, Core
[116.51167,39.92152,3479.04], 8, Core
[116.51127,39.93078,3485.03], 8, Core
[116.50382,39.90692,3491.03], 8, Core
[116.35724,39.88837,3400.71], 8, Core
[116.35724,39.88826,3401.46], 8, Core
[116.35885,39.88797,3403.73], 8, Core
[116.35387,39.88818,3404.48], 8, Core
[116.36111,39.88785,3406.75], 8, Core
[116.36626,39.88785,3407.49], 8, Core
[116.36816,39.8886,3409.76], 8, Core
[116.39225,39.88759,3412.78], 8, Core
[116.39235,39.88508,3413.53], 8, Core
[116.39469,39.87542,3415.8], 8, Core
[116.39512,39.87785,3416.54], 8, Core
[116.40135,39.88864,3418.81], 8, Core
[116.35325,39.84442,3419.56], 8, Core
[116.35325,39.84442,3419.56], 8, Core
[116.42303,39.89209,3421.83], 8, Core
[116.43632,39.8923,3422.58], 8, Core
[116.44993,39.88124,3424.85], 8, Core
[116.44902,39.87217,3427.86], 8, Core
[116.44827,39.8614,3430.88], 8, Core
[116.43333,39.85764,3431.63], 8, Core
[116.40772,39.85248,3433.89], 8, Core
[116.41061,39.85165,3434.64], 8, Core
[116.41754,39.85606,3436.91], 8, Core
[116.42478,39.85738,3437.66], 8, Core
[116.42478,39.85738,3437.66], 8, Core
[116.42324,39.8644,3439.93], 8, Core
[116.42516,39.86949,3440.67], 8, Core
[116.44987,39.87503,3442.94], 8, Core
[116.44985,39.87786,3443.69], 8, Core
[116.45518,39.87158,3445.96], 8, Core
[116.45529,39.88058,3446.71], 8, Core
[116.46148,39.88318,3448.98], 8, Core
[116.45556,39.8832,3449.72], 8, Core
[116.44099,39.8833,3451.99], 8, Core
[116.43826,39.89089,3452.74], 8, Core
[116.42114,39.9071,3455.01], 8, Core
[116.41216,39.90702,3455.76], 8, Core
[116.40999,39.9092,3458.03], 8, Core
[116.40999,39.9092,3458.03], 8, Core
[116.41166,39.90955,3458.77], 8, Core
[116.4143,39.92298,3461.04], 8, Core
[116.42654,39.92303,3461.79], 8, Core
[116.42792,39.94534,3464.06], 8, Core
[116.42559,39.94827,3464.81], 8, Core
[116.43791,39.93969,3467.08], 8, Core
[116.43753,39.9356,3467.82], 8, Core
[116.43755,39.92648,3470.09], 8, Core
[116.4319,39.93239,3470.84], 8, Core
[116.41918,39.93966,3473.11], 8, Core
[116.41075,39.93956,3473.86], 8, Core
[116.39928,39.93945,3476.13], 8, Core
[116.4035,39.93942,3476.87], 8, Core
[116.40193,39.95221,3479.14], 8, Core
[116.40181,39.9579,3479.89], 8, Core
[116.40145,39.97363,3482.16], 8, Border
[116.40135,39.98086,3482.91], 8, Border
[116.41107,39.99458,3485.18], 8, Border
[116.41359,39.99438,3485.92], 8, Border
[116.41781,39.98772,3488.19], 8, Border
[116.42954,39.98766,3488.94], 8, Border
[116.42879,39.96798,3491.21], 8, Core
[116.43725,39.96342,3491.96], 8, Core
[116.45543,39.9322,3494.23], 8, Core
[116.45548,39.9224,3494.97], 8, Core
[116.46121,39.92813,3497.24], 8, Core
[116.47005,39.9269,3501.01], 8, Core
[116.47016,39.92677,3503.09], 8, Core
[116.45607,39.9275,3633.66], 8, Core
[116.45579,39.92845,3633.79], 8, Core
[116.45524,39.89248,3636.68], 8, Core
[116.45523,39.89042,3636.8], 8, Core
[116.46261,39.84992,3639.7], 8, Border
[116.46466,39.84804,3639.82], 8, Border
[116.47442,39.82442,3642.71], 8, Border
[116.4759,39.82297,3642.84], 8, Border
[116.49205,39.8061,3645.73], 8, Border
[116.4932,39.8047,3645.85], 8, Border
[116.4822,39.84355,3672.88], 8, Border
[116.48103,39.8447,3673.0], 8, Border
[116.46615,39.86807,3675.9], 8, Border
[116.46619,39.86911,3676.02], 8, Border
[116.45901,39.88087,3678.91], 8, Border
[116.45789,39.88096,3681.33], 8, Border
[116.45789,39.88096,3681.33], 8, Border
[116.33233,39.92192,3244.26], 8, Core
[116.48332,39.89113,3338.85], 8, Core
[116.46168,39.87965,3358.48], 8, Core
[116.44084,39.8832,3364.51], 8, Core
[116.40567,39.85579,3380.34], 8, Core
[116.34938,39.93575,3241.25], 8, Core
[116.41587,39.85668,3215.87], 8, Core
[116.46168,39.87965,3359.23], 8, Core
[116.32291,39.8998,3394.68], 8, Core
[116.45868,39.88097,3353.2], 8, Core
[116.37426,39.91311,3204.93], 8, Core
[116.37558,39.9119,3203.81], 8, Core
[116.45512,39.8792,3224.92], 8, Core
[116.3423,39.84941,3383.36], 8, Core
[116.41305,39.88597,3276.29], 8, Core
[116.39183,39.88978,3209.84], 8, Core
[116.38594,39.86986,3270.26], 8, Core
[116.42672,39.88277,3279.31], 8, Core
[116.38486,39.89887,3207.95], 8, Core
[116.40804,39.85515,3379.6], 8, Core
[116.38761,39.86261,3268.39], 8, Core
[116.37777,39.90277,3206.82], 8, Core
[116.38051,39.88195,3262.35], 8, Core
[116.47272,39.99651,3290.85], 8, Border
[116.35883,39.84292,3314.85], 8, Core
[116.45521,39.87949,3356.21], 8, Core
[116.33866,39.91806,3247.28], 8, Core
[116.37906,39.88024,3261.21], 8, Core
[116.35138,39.911,3250.3], 8, Core
[116.40957,39.84587,3374.31], 8, Core
[116.40834,39.8502,3377.33], 8, Core
[116.43397,39.85275,3220.01], 8, Core
[116.41444,39.88187,3367.53], 8, Core
[116.4018,39.89127,3210.96], 8, Core
[116.48347,39.91296,3302.85], 8, Core
[116.36291,39.91675,3201.91], 8, Core
[116.39468,39.8855,3273.28], 8, Core
[116.36818,39.8893,3258.2], 8, Core
[116.33743,39.92674,3246.14], 8, Core
[116.39132,39.87561,3265.37], 8, Core
[116.41422,39.88372,3212.86], 8, Core
[116.32279,39.90512,3395.43], 8, Core
[116.48335,39.89111,3344.85], 8, Core
[116.48364,39.89959,3350.85], 8, Core
[116.46671,39.86658,3326.85], 8, Core
[116.34283,39.88058,3385.63], 8, Core
[116.45671,39.88644,3361.5], 8, Core
[116.43821,39.89091,3227.94], 8, Core
[116.35845,39.91748,3200.79], 8, Core
[116.42589,39.85721,3308.85], 8, Core
[116.36797,39.8994,3256.33], 8, Core
[116.45961,39.87489,3355.47], 8, Core
[116.41487,39.8748,3213.98], 8, Core
[116.47354,39.98849,3284.86], 8, Border
[116.41448,39.88321,3277.44], 8, Core
[116.32995,39.90169,3392.41], 8, Core
[116.42793,39.93216,3231.01], 8, Core
[116.39408,39.94774,3233.97], 8, Core
[116.43543,39.85263,3218.89], 8, Core
[116.35303,39.90771,3252.17], 8, Core
[116.45533,39.8829,3226.05], 8, Core
[116.41487,39.85573,3320.85], 8, Core
[116.35021,39.90097,3398.44], 8, Core
[116.33928,39.90175,3389.39], 8, Core
[116.33625,39.90014,3388.65], 8, Core
[116.41554,39.86099,3370.55], 8, Core
[116.40385,39.89119,3274.42], 8, Core
[116.48331,39.89127,3332.85], 8, Core
[116.33574,39.90126,3391.66], 8, Core
[116.37116,39.88784,3259.35], 8, Core
[116.47284,39.97043,3296.85], 8, Border
[116.34691,39.92226,3243.12], 8, Core
[116.45559,39.88979,3362.24], 8, Core
[116.3427,39.89074,3386.38], 8, Core
[116.35627,39.91259,3253.31], 8, Core
[116.51238,39.91654,3356.85], 8, Core
[116.41445,39.88003,3368.28], 8, Core
[116.39418,39.87507,3271.4], 8, Core
[116.42992,39.90361,3229.06], 8, Core
[116.4513,39.86353,3221.91], 8, Core
[116.38868,39.87941,3264.23], 8, Core
[116.34631,39.90541,3397.7], 8, Core
[116.43242,39.88301,3365.26], 8, Core
[116.43182,39.85737,3217.0], 8, Core
[116.35786,39.85344,3382.61], 8, Core
[116.42756,39.94623,3232.08], 8, Core
[116.36781,39.90616,3255.19], 8, Core
[116.41132,39.85593,3371.29], 8, Core
[116.40834,39.84695,3373.56], 8, Core
[116.44047,39.88314,3162.7], 8, Core
[116.39877,39.93219,3087.56], 8, Core
[116.47235,39.84073,3134.43], 8, Core
[116.51753,39.79984,3137.44], 8, Border
[116.45533,39.8964,3165.71], 8, Core
[116.49723,39.93479,3183.81], 8, Core
[116.44847,39.93245,3189.85], 8, Core
[116.50039,39.93588,3170.62], 8, Core
[116.42775,39.93656,3191.74], 8, Core
[116.49717,39.93478,3174.76], 8, Core
[116.52568,39.78886,3138.56], 8, Border
[116.45408,39.88309,3164.59], 8, Core
[116.45211,39.89666,3120.46], 8, Core
[116.45001,39.88212,3078.79], 8, Core
[116.37582,39.90916,3093.88], 8, Core
[116.36645,39.9335,3090.86], 8, Core
[116.34979,39.8977,3096.89], 8, Core
[116.49706,39.93468,3173.64], 8, Core
[116.35549,39.94408,3195.88], 8, Core
[116.50198,39.93539,3171.75], 8, Core
[116.41589,39.85657,3131.41], 8, Core
[116.47741,39.84824,3150.63], 8, Core
[116.5727,39.91361,3157.6], 8, Border
[116.45002,39.88004,3156.66], 8, Core
[116.41457,39.87979,3129.51], 8, Core
[116.41053,39.90007,3125.38], 8, Core
[116.44535,39.88342,3081.53], 8, Core
[116.37549,39.91288,3093.59], 8, Core
[116.43685,39.89735,3122.36], 8, Core
[116.45005,39.88251,3161.57], 8, Core
[116.49077,39.80799,3146.49], 8, Border
[116.3653,39.93349,3090.58], 8, Core
[116.44985,39.87445,3155.54], 8, Core
[116.47759,39.8449,3149.51], 8, Core
[116.35042,39.9015,3096.61], 8, Core
[116.34948,39.92116,3197.77], 8, Core
[116.44459,39.87547,3159.68], 8, Core
[116.44457,39.87872,3158.56], 8, Core
[116.45892,39.88097,3075.49], 8, Core
[116.43631,39.85748,3132.53], 8, Core
[116.4839,39.91906,3168.73], 8, Core
[116.5082,39.79828,3143.48], 8, Border
[116.40541,39.90085,3126.5], 8, Core
[116.45561,39.89505,3119.34], 8, Core
[116.49721,39.93482,3180.8], 8, Core
[116.45079,39.88039,3078.51], 8, Core
[116.46957,39.89216,3117.45], 8, Core
[116.37914,39.94755,3194.76], 8, Core
[116.49723,39.93479,3182.69], 8, Core
[116.42149,39.8993,3123.48], 8, Core
[116.4408,39.88348,3081.81], 8, Core
[116.35751,39.92245,3198.9], 8, Core
[116.41264,39.8879,3128.39], 8, Core
[116.4755,39.82357,3147.61], 8, Core
[116.46443,39.86662,3152.53], 8, Core
[116.49721,39.93482,3177.78], 8, Core
[116.42847,39.92032,3084.54], 8, Core
[116.42207,39.94836,3192.86], 8, Core
[116.45497,39.86992,3153.65], 8, Core
[116.49721,39.93482,3179.67], 8, Core
[116.46032,39.88057,3075.78], 8, Core
[116.49295,39.82252,3135.55], 8, Border
[116.51523,39.91522,3163.59], 8, Core
[116.49721,39.93482,3176.66], 8, Core
[116.42827,39.92556,3084.83], 8, Core
[116.48233,39.9068,3167.61], 8, Core
[116.32144,39.89557,3102.64], 8, Border
[116.32271,39.89557,3102.93], 8, Core
[116.49284,39.93422,3185.71], 8, Core
[116.3937,39.93215,3087.84], 8, Core
[116.54559,39.91474,4903.1], 9, Border
[116.45776,39.88125,4801.58], 9, Core
[116.46076,39.87487,4803.36], 9, Core
[116.45479,39.88175,4804.59], 9, Core
[116.45002,39.88378,4806.38], 9, Core
[116.45002,39.88503,4807.61], 9, Core
[116.43876,39.88784,4809.4], 9, Core
[116.43876,39.88784,4809.4], 9, Core
[116.43196,39.89971,4810.63], 9, Core
[116.41917,39.90346,4812.41], 9, Core
[116.42943,39.90361,4813.64], 9, Core
[116.42463,39.89616,4815.43], 9, Core
[116.4219,39.89228,4816.66], 9, Core
[116.43371,39.89086,4818.45], 9, Core
[116.44955,39.88931,4819.68], 9, Core
[116.45523,39.89211,4821.46], 9, Core
[116.45591,39.90473,4822.69], 9, Core
[116.47133,39.89382,4825.71], 9, Core
[116.45582,39.89221,4827.5], 9, Core
[116.45204,39.89459,4828.73], 9, Core
[116.43816,39.89535,4830.51], 9, Core
[116.42931,39.91038,4831.74], 9, Core
[116.42754,39.94229,4833.53], 9, Core
[116.44475,39.95324,4834.76], 9, Core
[116.4765,39.98179,4836.55], 9, Core
[116.4997,40.00278,4837.78], 9, Border
[116.54383,40.02594,4839.56], 9, Border
[116.5397,40.02469,4848.61], 9, Border
[116.50914,40.01155,4849.84], 9, Border
[116.48077,39.98662,4851.63], 9, Core
[116.47733,39.97448,4852.86], 9, Core
[116.47733,39.97448,4852.86], 9, Core
[116.46003,39.95883,4854.65], 9, Core
[116.45378,39.95328,4855.88], 9, Core
[116.45082,39.94714,4857.66], 9, Core
[116.45527,39.93878,4858.89], 9, Core
[116.44225,39.88344,4872.25], 9, Core
[116.44463,39.87675,4874.68], 9, Core
[116.4476,39.88023,4875.27], 9, Core
[116.45555,39.90375,4877.7], 9, Core
[116.45565,39.91432,4878.28], 9, Core
[116.45546,39.95465,4880.72], 9, Core
[116.46305,39.96147,4881.3], 9, Core
[116.48273,39.9717,4883.73], 9, Core
[116.48333,39.97133,4884.32], 9, Core
[116.4802,39.96985,4886.75], 9, Core
[116.47557,39.96983,4887.33], 9, Core
[116.45554,39.95485,4889.77], 9, Core
[116.45372,39.95324,4890.35], 9, Core
[116.44052,39.93995,4892.78], 9, Core
[116.4364,39.93997,4893.37], 9, Core
[116.4283,39.91936,4895.8], 9, Core
[116.42929,39.90914,4896.38], 9, Core
[116.42929,39.90914,4896.38], 9, Core
[116.42057,39.90393,4898.81], 9, Core
[116.42135,39.9034,4899.4], 9, Core
[116.42173,39.90341,4901.83], 9, Core
[116.42174,39.90341,4902.42], 9, Core
[116.43148,39.9025,4904.85], 9, Core
[116.42958,39.90762,4905.43], 9, Core
[116.4276,39.94788,4907.86], 9, Core
[116.44076,39.94948,4908.45], 9, Core
[116.45541,39.97645,4910.88], 9, Core
[116.45541,39.97645,4910.88], 9, Core
[116.45677,39.97782,4911.47], 9, Core
[116.46123,39.97769,4913.9], 9, Core
[116.46519,39.97471,4914.48], 9, Core
[116.45453,39.95392,4917.5], 9, Core
[116.45378,39.94771,4919.93], 9, Core
[116.45083,39.94719,4920.52], 9, Core
[116.4566,39.93234,4923.53], 9, Core
[116.47331,39.93233,4925.96], 9, Core
[116.47617,39.93215,4926.55], 9, Core
[116.4668,39.92897,4928.98], 9, Core
[116.4668,39.92897,4929.56], 9, Core
[116.45617,39.92201,4932.0], 9, Core
[116.4559,39.92201,4932.58], 9, Core
[116.45548,39.91179,4935.01], 9, Core
[116.4545,39.90741,4935.6], 9, Core
[116.44406,39.90758,4938.03], 9, Core
[116.44964,39.90694,4938.61], 9, Core
[116.44964,39.90694,4938.61], 9, Core
[116.45487,39.88392,4941.05], 9, Core
[116.45485,39.88371,4941.63], 9, Core
[116.44999,39.88159,4944.06], 9, Core
[116.44995,39.88238,4944.65], 9, Core
[116.43854,39.89337,4947.08], 9, Core
[116.43036,39.89239,4947.66], 9, Core
[116.41218,39.89573,4950.68], 9, Core
[116.42544,39.89358,4953.11], 9, Core
[116.42637,39.89237,4953.7], 9, Core
[116.43261,39.8922,4956.13], 9, Core
[116.43328,39.89223,4956.71], 9, Core
[116.44923,39.88465,4959.15], 9, Core
[116.44781,39.88353,4959.73], 9, Core
[116.44786,39.88303,4962.16], 9, Core
[116.45554,39.90091,4965.18], 9, Core
[116.45573,39.90891,4965.76], 9, Core
[116.4635,39.91955,4968.2], 9, Core
[116.46176,39.92203,4968.78], 9, Core
[116.45014,39.93243,4971.21], 9, Core
[116.44477,39.93244,4971.8], 9, Core
[116.44477,39.93244,4971.8], 9, Core
[116.42702,39.94738,4974.81], 9, Core
[116.41908,39.95209,4977.25], 9, Core
[116.41906,39.95479,4977.83], 9, Core
[116.412,39.96582,4980.26], 9, Core
[116.412,39.96582,4980.26], 9, Core
[116.41186,39.96736,4980.85], 9, Core
[116.38617,39.96745,4983.28], 9, Core
[116.37528,39.96709,4983.86], 9, Core
[116.36364,39.98018,4986.3], 9, Border
[116.36364,39.98018,4986.3], 9, Border
[116.36413,39.98049,4986.88], 9, Border
[116.36341,39.98089,4989.31], 9, Border
[116.36351,39.97744,4989.9], 9, Border
[116.34793,39.96645,4992.33], 9, Border
[116.33638,39.96653,4992.91], 9, Border
[116.36847,39.86868,5018.78], 9, Core
[116.45516,39.8746,5093.76], 9, Core
[116.4285,39.91294,5088.17], 9, Core
[116.31862,39.86682,5123.91], 9, Border
[116.41814,39.91632,5072.28], 9, Core
[116.43688,39.86975,5112.3], 9, Core
[116.45506,39.8949,5103.25], 9, Core
[116.36084,39.86834,5120.91], 9, Border
[116.40047,39.92594,5045.14], 9, Core
[116.45533,39.88012,5094.2], 9, Core
[116.43987,39.88317,5091.18], 9, Core
[116.30878,39.86632,5124.36], 9, Border
[116.45576,39.89825,5102.81], 9, Core
[116.45595,39.89224,5100.23], 9, Core
[116.53174,39.91536,5069.13], 9, Border
[116.39535,39.86409,5117.89], 9, Core
[116.32846,39.90973,5009.73], 9, Border
[116.42504,39.91414,5087.72], 9, Core
[116.54723,39.90841,5081.13], 9, Border
[116.41811,39.91632,5072.59], 9, Core
[116.40739,39.86517,5115.32], 9, Core
[116.34302,39.89617,5012.74], 9, Border
[116.45627,39.89218,5099.79], 9, Core
[116.43173,39.86924,5021.79], 9, Core
[116.43883,39.87467,5111.85], 9, Core
[116.48503,39.91422,5033.13], 9, Core
[116.45494,39.8732,5024.81], 9, Core
[116.52195,39.916,5027.13], 9, Core
[116.50789,39.93128,5063.13], 9, Core
[116.45449,39.87,5024.23], 9, Core
[116.46679,39.88305,5096.77], 9, Core
[116.57156,39.90263,5075.13], 9, Border
[116.4446,39.92156,5039.14], 9, Core
[116.45292,39.88299,5108.84], 9, Core
[116.36206,39.86527,5015.76], 9, Core
[116.47134,39.88514,5097.22], 9, Core
[116.3505,39.8996,5012.17], 9, Core
[116.35111,39.86708,5121.35], 9, Border
[116.41835,39.86997,5021.22], 9, Core
[116.45488,39.87897,5052.78], 9, Core
[116.46154,39.87664,5105.82], 9, Core
[116.36742,39.86418,5018.2], 9, Core
[116.4181,39.91635,5073.7], 9, Core
[116.43905,39.88279,5090.74], 9, Core
[116.42337,39.90727,5069.57], 9, Core
[116.46154,39.875,5106.27], 9, Core
[116.45472,39.87197,5053.24], 9, Core
[116.45764,39.88086,5027.8], 9, Core
[116.48347,39.91954,5057.13], 9, Core
[116.35784,39.86742,5015.18], 9, Border
[116.44152,39.93236,5051.13], 9, Core
[116.44715,39.88308,5109.28], 9, Core
[116.41807,39.91637,5085.15], 9, Core
[116.40728,39.86783,5114.87], 9, Core
[116.51172,39.92123,-112.1], 10, Core
[116.51135,39.93883,-106.1], 10, Core
[116.51135,39.93883,-106.1], 10, Core
[116.51627,39.91034,-100.1], 10, Core
[116.47186,39.91248,-94.1], 10, Core
[116.47217,39.92498,-88.1], 10, Core
[116.47179,39.90718,-82.1], 10, Core
[116.45617,39.90531,-76.1], 10, Core
[116.47191,39.90577,-61.54], 10, Core
[116.50661,39.9145,-55.54], 10, Core
[116.49625,39.9146,64.56], 10, Core
[116.50962,39.91071,70.55], 10, Core
[116.52231,39.91588,76.55], 10, Core
[116.52231,39.91588,76.55], 10, Core
[116.56444,39.91445,82.55], 10, Border
[116.59512,39.90798,88.55], 10, Border
[116.36422,39.88781,-185.46], 10, Border
[116.37481,39.88782,-183.42], 10, Border
[116.37677,39.88791,-182.45], 10, Core
[116.38033,39.88795,-180.4], 10, Core
[116.39392,39.89014,-179.43], 10, Core
[116.41149,39.89152,-177.38], 10, Core
[116.42105,39.89194,-176.41], 10, Core
[116.4215,39.89823,-174.37], 10, Core
[116.4215,39.89902,-173.4], 10, Core
[116.42972,39.90726,-171.35], 10, Core
[116.4302,39.91176,-170.38], 10, Core
[116.44396,39.908,-168.33], 10, Core
[116.4441,39.90807,-167.36], 10, Core
[116.4441,39.90807,-167.36], 10, Core
[116.45478,39.90392,-164.35], 10, Core
[116.4551,39.88981,-162.3], 10, Core
[116.45485,39.88333,-161.33], 10, Core
[116.46018,39.88052,-159.28], 10, Core
[116.4578,39.88109,-158.31], 10, Core
[116.4578,39.88109,-158.31], 10, Core
[116.45848,39.88104,-96.33], 10, Core
[116.45851,39.88104,-95.88], 10, Core
[116.4554,39.87517,-93.31], 10, Core
[116.45531,39.8785,-92.86], 10, Core
[116.4554,39.88053,-90.3], 10, Core
[116.4554,39.88053,-89.85], 10, Core
[116.4554,39.88053,-87.28], 10, Core
[116.4554,39.88053,-86.83], 10, Core
[116.45478,39.86868,-84.26], 10, Core
[116.45445,39.8669,-83.81], 10, Core
[116.46708,39.84569,-80.8], 10, Core
[116.42174,39.83097,-78.23], 10, Core
[116.41076,39.83099,-77.78], 10, Core
[116.39512,39.82268,-75.21], 10, Border
[116.39516,39.822,-74.76], 10, Border
[116.39601,39.80646,-72.2], 10, Border
[116.39626,39.80351,-71.75], 10, Border
[116.39229,39.7915,-69.18], 10, Border
[116.39145,39.7899,-68.73], 10, Border
[116.38921,39.80046,-65.71], 10, Border
[116.39642,39.81015,-63.15], 10, Border
[116.39631,39.81256,-62.7], 10, Border
[116.39534,39.82989,-60.13], 10, Core
[116.39496,39.8369,-59.68], 10, Core
[116.39496,39.8369,-59.68], 10, Core
[116.39413,39.85653,-57.11], 10, Core
[116.39436,39.86041,-56.66], 10, Core
[116.40309,39.8706,-54.1], 10, Core
[116.40728,39.87071,-53.65], 10, Core
[116.41766,39.88249,-51.08], 10, Core
[116.42362,39.88947,-48.06], 10, Core
[116.42362,39.88947,-48.06], 10, Core
[116.42337,39.89197,-47.61], 10, Core
[116.44966,39.89159,-45.06], 10, Core
[116.4496,39.88832,-44.61], 10, Core
[116.44944,39.88326,-42.04], 10, Core
[116.45427,39.88317,-41.59], 10, Core
[116.45908,39.89218,-39.02], 10, Core
[116.46095,39.89218,-38.57], 10, Core
[116.4665,39.89566,-36.01], 10, Core
[116.46405,39.89599,-35.56], 10, Core
[116.46787,39.89231,-32.99], 10, Core
[116.46735,39.89222,-32.54], 10, Core
[116.48135,39.8918,-29.97], 10, Core
[116.48337,39.8905,-29.52], 10, Core
[116.48106,39.86022,-26.96], 10, Core
[116.47973,39.8525,-26.51], 10, Core
[116.48377,39.84951,-23.94], 10, Core
[116.3943,39.84951,-23.93], 10, Core
[116.48377,39.84951,-23.49], 10, Core
[116.48237,39.86544,-20.47], 10, Core
[116.45787,39.86674,-17.91], 10, Core
[116.45267,39.88377,-14.44], 10, Core
[116.45834,39.88306,-11.87], 10, Core
[116.46013,39.88304,-11.43], 10, Core
[116.49143,39.8777,-8.86], 10, Core
[116.49386,39.87645,-8.41], 10, Core
[116.50426,39.86591,-5.84], 10, Core
[116.5042,39.86504,-5.39], 10, Core
[116.50403,39.86164,-2.82], 10, Core
[116.50251,39.86249,-2.38], 10, Core
[116.49526,39.87583,0.19], 10, Core
[116.49155,39.87773,0.64], 10, Core
[116.4683,39.88307,3.21], 10, Core
[116.46616,39.8831,3.66], 10, Core
[116.45629,39.88071,6.22], 10, Core
[116.4554,39.8807,6.67], 10, Core
[116.4553,39.88958,9.24], 10, Core
[116.45538,39.89094,9.69], 10, Core
[116.45645,39.89955,12.26], 10, Core
[116.45626,39.9052,15.27], 10, Core
[116.44961,39.90748,18.29], 10, Core
[116.4472,39.90833,18.74], 10, Core
[116.44434,39.91649,21.31], 10, Core
[116.44419,39.92078,21.76], 10, Core
[116.44429,39.93023,24.32], 10, Core
[116.4443,39.93021,24.77], 10, Core
[116.44921,39.92884,27.34], 10, Core
[116.44921,39.92884,27.34], 10, Core
[116.44922,39.92884,27.79], 10, Core
[116.44047,39.92559,30.36], 10, Core
[116.4399,39.92429,30.81], 10, Core
[116.43767,39.93389,33.82], 10, Core
[116.43886,39.95017,39.41], 10, Core
[116.44442,39.9547,39.86], 10, Core
[116.44346,39.96009,42.42], 10, Core
[116.44267,39.96057,42.87], 10, Core
[116.44257,39.95988,45.44], 10, Core
[116.44503,39.95841,45.89], 10, Core
[116.45527,39.95,48.46], 10, Core
[116.45531,39.9481,48.91], 10, Core
[116.45545,39.93333,51.47], 10, Core
[116.45522,39.92895,51.92], 10, Core
[116.47176,39.92155,54.49], 10, Core
[116.4747,39.92158,54.94], 10, Core
[116.48328,39.91419,57.51], 10, Core
[116.4864,39.91411,57.96], 10, Core
[116.49844,39.91453,60.52], 10, Core
[116.49939,39.91455,60.97], 10, Core
[116.49592,39.91741,63.54], 10, Core
[116.49595,39.92055,63.99], 10, Core
[116.51118,39.9258,66.56], 10, Core
[116.50968,39.92205,67.01], 10, Core
[116.48364,39.92174,69.57], 10, Core
[116.47939,39.92168,70.02], 10, Core
[116.47851,39.90706,72.59], 10, Core
[116.47488,39.9072,73.04], 10, Core
[116.47237,39.90715,75.61], 10, Core
[116.47237,39.90716,76.06], 10, Core
[116.46638,39.90383,78.62], 10, Core
[116.45812,39.90341,79.07], 10, Core
[116.45442,39.90463,81.64], 10, Core
[116.45191,39.90524,82.09], 10, Core
[116.45105,39.90726,84.66], 10, Core
[116.45105,39.90726,85.1], 10, Core
[116.45053,39.90726,87.67], 10, Core
[116.45053,39.90726,88.12], 10, Core
[116.44439,39.91148,90.69], 10, Core
[116.44439,39.91172,91.14], 10, Core
[116.44439,39.91172,91.14], 10, Core
[116.45286,39.90672,93.71], 10, Core
[116.45423,39.9067,94.15], 10, Core
[116.44972,39.89308,96.72], 10, Core
[116.4497,39.89254,97.17], 10, Core
[116.45494,39.87676,99.73], 10, Core
[116.45474,39.86935,100.18], 10, Core
[116.45576,39.86694,102.75], 10, Core
[116.45576,39.86694,102.75], 10, Core
[116.45902,39.86664,103.8], 10, Core
[116.47056,39.87001,105.76], 10, Core
[116.47036,39.87276,106.81], 10, Core
[116.47048,39.87281,108.4], 10, Core
[116.46755,39.87021,142.61], 10, Core
[116.46168,39.8753,143.67], 10, Core
[116.45773,39.88119,145.63], 10, Core
[116.45766,39.88112,146.69], 10, Core
[116.45766,39.88112,148.64], 10, Core
[116.45753,39.88094,152.17], 10, Core
[116.45753,39.88094,152.17], 10, Core
[116.45753,39.88094,152.17], 10, Core
[116.45753,39.88094,152.17], 10, Core
[116.45753,39.88094,152.17], 10, Core
[116.45753,39.88094,152.17], 10, Core
[116.45753,39.88094,152.17], 10, Core
[116.45753,39.88094,152.17], 10, Core
[116.45753,39.88094,152.17], 10, Core
[116.45753,39.88094,152.17], 10, Core
[116.45753,39.88094,152.17], 10, Core
[116.45753,39.88094,152.17], 10, Core
[116.45753,39.88094,152.17], 10, Core
[116.45753,39.88094,152.17], 10, Core
[116.45753,39.88094,152.17], 10, Core
[116.45753,39.88094,152.17], 10, Core
[116.45753,39.88094,152.17], 10, Core
[116.45753,39.88094,152.17], 10, Core
[116.45753,39.88094,152.17], 10, Core
[116.69158,39.85137,3611.14], 11, Border
[116.69158,39.85188,3617.14], 11, Border
[116.69175,39.85119,3623.13], 11, Border
[116.6914,39.85173,3629.13], 11, Border
[116.6914,39.85173,3629.13], 11, Border
[116.69173,39.8515,3635.13], 11, Border
[116.69165,39.85158,3641.13], 11, Border
[116.69169,39.85155,3647.13], 11, Core
[116.69177,39.85174,3653.13], 11, Core
[116.69172,39.8518,3659.14], 11, Core
[116.69182,39.85192,3665.14], 11, Core
[116.69185,39.85205,3671.14], 11, Core
[116.69158,39.85171,3677.13], 11, Core
[116.6916,39.8516,3683.13], 11, Core
[116.69163,39.8516,3689.13], 11, Core
[116.69165,39.85131,3695.13], 11, Core
[116.6915,39.85147,3701.13], 11, Core
[116.69174,39.85151,3707.13], 11, Core
[116.69165,39.85141,3713.12], 11, Core
[116.69146,39.85202,3725.13], 11, Core
[116.69108,39.85159,3731.13], 11, Core
[116.69137,39.85105,3737.13], 11, Core
[116.6916,39.85157,3743.12], 11, Core
[116.69157,39.85156,3749.12], 11, Core
[116.69168,39.85207,3755.12], 11, Core
[116.69153,39.85168,3761.12], 11, Core
[116.69156,39.85152,3767.13], 11, Core
[116.6916,39.85147,3773.12], 11, Core
[116.69162,39.85146,3779.12], 11, Core
[116.69175,39.85165,3785.12], 11, Core
[116.69163,39.85167,3791.12], 11, Core
[116.69163,39.8516,4019.1], 11, Border
[116.66018,39.88501,4037.1], 11, Border
[116.69164,39.85153,4013.1], 11, Border
[116.69185,39.85139,4031.1], 11, Border
[116.69171,39.85172,4001.11], 11, Border
[116.6916,39.85157,4025.1], 11, Border
[116.69179,39.8516,3815.12], 11, Core
[116.69157,39.85273,3971.11], 11, Core
[116.69159,39.85178,3965.11], 11, Core
[116.69174,39.85184,3803.12], 11, Core
[116.69164,39.85143,3887.11], 11, Core
[116.69164,39.85141,3917.11], 11, Core
[116.69164,39.8514,3911.11], 11, Core
[116.69164,39.85111,3881.11], 11, Core
[116.69169,39.85172,3995.1], 11, Border
[116.69223,39.85128,3839.12], 11, Core
[116.69171,39.85172,3923.11], 11, Core
[116.6916,39.85138,3833.11], 11, Core
[116.69163,39.85198,3851.12], 11, Core
[116.69176,39.85144,3869.11], 11, Core
[116.69162,39.85136,3893.12], 11, Core
[116.69165,39.85177,3989.1], 11, Core
[116.69167,39.85129,3947.11], 11, Core
[116.69172,39.85141,3827.12], 11, Core
[116.69153,39.85192,3941.11], 11, Core
[116.69165,39.85152,3929.11], 11, Core
[116.69152,39.85133,3875.11], 11, Core
[116.69159,39.85178,3959.11], 11, Core
[116.69164,39.85156,3935.11], 11, Core
[116.69179,39.85186,3905.11], 11, Core
[116.69172,39.85148,3863.12], 11, Core
[116.69178,39.85217,3821.12], 11, Core
[116.69173,39.85172,3899.12], 11, Core
[116.69147,39.85125,3983.1], 11, Core
[116.69164,39.85197,3845.11], 11, Core
[116.69163,39.85154,3809.13], 11, Core
[116.69172,39.85156,3977.1], 11, Core
[116.69155,39.85164,2713.64], 12, Border
[116.69155,39.8518,2719.63], 12, Border
[116.69155,39.85179,2725.63], 12, Border
[116.69156,39.85181,2731.63], 12, Border
[116.69157,39.85183,2737.63], 12, Border
[116.69157,39.85183,2743.63], 12, Border
[116.69158,39.85183,2749.64], 12, Border
[116.69159,39.85183,2755.64], 12, Core
[116.69159,39.85183,2761.63], 12, Core
[116.69159,39.85183,2767.63], 12, Core
[116.69159,39.85182,2773.63], 12, Core
[116.69159,39.85182,2773.63], 12, Core
[116.69159,39.85182,2779.63], 12, Core
[116.6916,39.85181,2785.63], 12, Core
[116.6916,39.8518,2791.63], 12, Core
[116.69185,39.85194,2797.63], 12, Core
[116.69168,39.85189,2803.62], 12, Core
[116.69142,39.85161,2809.63], 12, Core
[116.69154,39.85169,2821.63], 12, Core
[116.69155,39.85156,2827.63], 12, Core
[116.69154,39.85179,2833.62], 12, Core
[116.69153,39.85167,2839.62], 12, Core
[116.69151,39.85157,2845.62], 12, Core
[116.69173,39.85173,2857.62], 12, Core
[116.69164,39.85178,2863.63], 12, Core
[116.69163,39.85172,2869.63], 12, Core
[116.69164,39.85171,2875.62], 12, Core
[116.69167,39.85178,2887.62], 12, Core
[116.69165,39.85165,2893.62], 12, Core
[116.69163,39.85169,2899.62], 12, Core
[116.69162,39.85169,2905.62], 12, Core
[116.69162,39.85171,2911.62], 12, Core
[116.69162,39.85172,2917.62], 12, Core
[116.69154,39.8516,2923.62], 12, Core
[116.69159,39.85155,2929.61], 12, Core
[116.69156,39.85165,2935.62], 12, Core
[116.69157,39.85172,2941.62], 12, Core
[116.6916,39.85175,2947.61], 12, Core
[116.6916,39.85175,2947.61], 12, Core
[116.69161,39.85175,2953.61], 12, Core
[116.69162,39.85175,2959.61], 12, Core
[116.69162,39.85175,2965.61], 12, Core
[116.69161,39.85176,2971.62], 12, Core
[116.69155,39.85174,2977.62], 12, Core
[116.69151,39.85175,2983.61], 12, Core
[116.69152,39.85173,2989.61], 12, Core
[116.69136,39.8518,2995.61], 12, Core
[116.69159,39.85181,3085.61], 12, Core
[116.69159,39.85183,3079.61], 12, Core
[116.69159,39.85185,3073.6], 12, Core
[116.69155,39.85165,3025.61], 12, Core
[116.6915,39.85164,3001.61], 12, Core
[116.69159,39.8516,3121.61], 12, Border
[116.69159,39.85181,3097.6], 12, Core
[116.69159,39.8517,3055.6], 12, Core
[116.63319,39.90081,3151.6], 12, Border
[116.69155,39.85173,3109.6], 12, Core
[116.69155,39.85168,3037.61], 12, Core
[116.69159,39.85182,3091.6], 12, Core
[116.69148,39.85181,3067.6], 12, Core
[116.69155,39.85167,3031.61], 12, Core
[116.69157,39.8517,3139.6], 12, Border
[116.69157,39.85181,3019.61], 12, Core
[116.69159,39.85171,3061.6], 12, Core
[116.69158,39.8517,3049.61], 12, Core
[116.69159,39.8518,3103.6], 12, Core
[116.69135,39.85206,3013.61], 12, Core
[116.69158,39.85183,3133.6], 12, Border
[116.69159,39.85158,3127.6], 12, Border
[116.69156,39.85169,3043.61], 12, Core
