[116.69158,39.8516,4613.93], 0, Noise
[116.69158,39.8516,4613.93], 0, Noise
[116.69157,39.85177,4619.92], 0, Noise
[116.69156,39.8517,4625.92], 0, Noise
[116.69156,39.85169,4631.92], 0, Noise
[116.69155,39.8517,4637.93], 0, Noise
[116.69163,39.85136,4643.93], 0, Noise
[116.69153,39.85165,4649.92], 0, Noise
[116.69157,39.85169,4655.92], 0, Noise
[116.69177,39.85177,4661.92], 0, Noise
[116.69173,39.85179,4667.92], 0, Noise
[116.69165,39.8514,4673.92], 0, Noise
[116.69163,39.85147,4679.92], 0, Noise
[116.69169,39.85076,4685.91], 0, Noise
[116.69184,39.85102,4691.91], 0, Noise
[116.69102,39.85177,4697.91], 0, Noise
[116.69137,39.85165,4703.91], 0, Noise
[116.69145,39.85175,4709.92], 0, Noise
[116.69171,39.85187,4715.92], 0, Noise
[116.69163,39.85178,4721.91], 0, Noise
[116.6916,39.85176,4727.91], 0, Noise
[116.69137,39.8519,4733.91], 0, Noise
[116.69147,39.8517,4739.91], 0, Noise
[116.69152,39.85143,4745.92], 0, Noise
[116.6915,39.85161,4751.91], 0, Noise
[116.69152,39.85164,4757.91], 0, Noise
[116.69154,39.85165,4763.91], 0, Noise
[116.69149,39.85161,4769.91], 0, Noise
[116.69162,39.85164,4775.91], 0, Noise
[116.69159,39.85159,4781.91], 0, Noise
[116.69158,39.85165,4787.91], 0, Noise
[116.69158,39.85165,4787.91], 0, Noise
[116.69163,39.85169,4793.9], 0, Noise
[116.69154,39.85173,4799.9], 0, Noise
[116.69154,39.85175,4805.9], 0, Noise
[116.69159,39.85167,4811.9], 0, Noise
[116.69163,39.85141,4817.91], 0, Noise
[116.69162,39.85161,4823.91], 0, Noise
[116.6916,39.85161,4829.9], 0, Noise
[116.69154,39.85188,4835.9], 0, Noise
[116.69158,39.85197,4841.9], 0, Noise
[116.69158,39.85187,4847.9], 0, Noise
[116.69159,39.85183,4853.91], 0, Noise
[116.69162,39.85147,4859.91], 0, Noise
[116.69156,39.85158,4865.9], 0, Noise
[116.69155,39.85164,4871.9], 0, Noise
[116.69153,39.85165,4877.9], 0, Noise
[116.69153,39.85166,4883.9], 0, Noise
[116.66179,39.88372,4889.9], 0, Noise
[116.60394,39.90741,4895.9], 0, Noise
[116.54383,40.02594,4838.36], 0, Noise
[116.57523,40.04341,4839.59], 0, Noise
[116.58198,40.07204,4841.38], 0, Noise
[116.5865,40.07927,4842.61], 0, Noise
[116.58247,40.06636,4844.4], 0, Noise
[116.57781,40.04594,4845.63], 0, Noise
[116.5397,40.02469,4847.41], 0, Noise
[116.69158,39.85137,3609.94], 0, Noise
[116.69158,39.85188,3615.94], 0, Noise
[116.69175,39.85119,3621.93], 0, Noise
[116.6914,39.85173,3627.93], 0, Noise
[116.6914,39.85173,3627.93], 0, Noise
[116.69173,39.8515,3633.93], 0, Noise
[116.69165,39.85158,3639.93], 0, Noise
[116.69169,39.85155,3645.93], 0, Noise
[116.69177,39.85174,3651.93], 0, Noise
[116.69172,39.8518,3657.94], 0, Noise
[116.69182,39.85192,3663.94], 0, Noise
[116.69185,39.85205,3669.94], 0, Noise
[116.69158,39.85171,3675.93], 0, Noise
[116.6916,39.8516,3681.93], 0, Noise
[116.69163,39.8516,3687.93], 0, Noise
[116.69165,39.85131,3693.93], 0, Noise
[116.6915,39.85147,3699.93], 0, Noise
[116.69174,39.85151,3705.93], 0, Noise
[116.69165,39.85141,3711.92], 0, Noise
[116.69146,39.85202,3723.93], 0, Noise
[116.69108,39.85159,3729.93], 0, Noise
[116.69137,39.85105,3735.93], 0, Noise
[116.6916,39.85157,3741.92], 0, Noise
[116.69157,39.85156,3747.92], 0, Noise
[116.69168,39.85207,3753.92], 0, Noise
[116.69153,39.85168,3759.92], 0, Noise
[116.69156,39.85152,3765.93], 0, Noise
[116.6916,39.85147,3771.92], 0, Noise
[116.69162,39.85146,3777.92], 0, Noise
[116.69175,39.85165,3783.92], 0, Noise
[116.69163,39.85167,3789.92], 0, Noise
[116.51676,39.78769,3647.55], 0, Noise
[116.51792,39.7862,3647.67], 0, Noise
[116.53661,39.76348,3650.56], 0, Noise
[116.53661,39.76348,3650.69], 0, Noise
[116.53933,39.76086,3656.6], 0, Noise
[116.53846,39.76183,3656.72], 0, Noise
[116.53994,39.77583,3659.61], 0, Noise
[116.54113,39.77472,3659.74], 0, Noise
[116.5626,39.79876,3662.63], 0, Noise
[116.56228,39.79963,3662.75], 0, Noise
[116.56228,39.79963,3662.75], 0, Noise
[116.55472,39.80862,3665.65], 0, Noise
[116.55472,39.80862,3665.65], 0, Noise
[116.55284,39.80969,3665.77], 0, Noise
[116.52015,39.82157,3668.66], 0, Noise
[116.51795,39.82115,3668.79], 0, Noise
[116.4822,39.84355,3671.68], 0, Noise
[116.48103,39.8447,3671.8], 0, Noise
[116.69155,39.85164,2712.44], 0, Noise
[116.69155,39.8518,2718.43], 0, Noise
[116.69155,39.85179,2724.43], 0, Noise
[116.69156,39.85181,2730.43], 0, Noise
[116.69157,39.85183,2736.43], 0, Noise
[116.69157,39.85183,2742.43], 0, Noise
[116.69158,39.85183,2748.44], 0, Noise
[116.69159,39.85183,2754.44], 0, Noise
[116.69159,39.85183,2760.43], 0, Noise
[116.69159,39.85183,2766.43], 0, Noise
[116.69159,39.85182,2772.43], 0, Noise
[116.69159,39.85182,2772.43], 0, Noise
[116.69159,39.85182,2778.43], 0, Noise
[116.6916,39.85181,2784.43], 0, Noise
[116.6916,39.8518,2790.43], 0, Noise
[116.69185,39.85194,2796.43], 0, Noise
[116.69168,39.85189,2802.42], 0, Noise
[116.69142,39.85161,2808.43], 0, Noise
[116.69154,39.85169,2820.43], 0, Noise
[116.69155,39.85156,2826.43], 0, Noise
[116.69154,39.85179,2832.42], 0, Noise
[116.69153,39.85167,2838.42], 0, Noise
[116.69151,39.85157,2844.42], 0, Noise
[116.69173,39.85173,2856.42], 0, Noise
[116.69164,39.85178,2862.43], 0, Noise
[116.69163,39.85172,2868.43], 0, Noise
[116.69164,39.85171,2874.42], 0, Noise
[116.69167,39.85178,2886.42], 0, Noise
[116.69165,39.85165,2892.42], 0, Noise
[116.69163,39.85169,2898.42], 0, Noise
[116.69162,39.85169,2904.42], 0, Noise
[116.69162,39.85171,2910.42], 0, Noise
[116.69162,39.85172,2916.42], 0, Noise
[116.69154,39.8516,2922.42], 0, Noise
[116.69159,39.85155,2928.41], 0, Noise
[116.69156,39.85165,2934.42], 0, Noise
[116.69157,39.85172,2940.42], 0, Noise
[116.6916,39.85175,2946.41], 0, Noise
[116.6916,39.85175,2946.41], 0, Noise
[116.69161,39.85175,2952.41], 0, Noise
[116.69162,39.85175,2958.41], 0, Noise
[116.69162,39.85175,2964.41], 0, Noise
[116.69161,39.85176,2970.42], 0, Noise
[116.69155,39.85174,2976.42], 0, Noise
[116.69151,39.85175,2982.41], 0, Noise
[116.69152,39.85173,2988.41], 0, Noise
[116.69136,39.8518,2994.41], 0, Noise
[116.69169,39.85151,1814.21], 0, Noise
[116.69159,39.85204,1820.2], 0, Noise
[116.69158,39.85187,1826.19], 0, Noise
[116.69162,39.85178,1832.19], 0, Noise
[116.69161,39.85176,1838.19], 0, Noise
[116.6916,39.85179,1850.2], 0, Noise
[116.69158,39.85178,1856.2], 0, Noise
[116.69157,39.85179,1862.19], 0, Noise
[116.69157,39.85181,1868.19], 0, Noise
[116.69157,39.85182,1874.19], 0, Noise
[116.69157,39.85182,1880.19], 0, Noise
[116.69157,39.85182,1886.19], 0, Noise
[116.69157,39.85182,1892.19], 0, Noise
[116.69152,39.85145,1898.19], 0, Noise
[116.6915,39.85155,1904.19], 0, Noise
[116.69145,39.85184,1910.19], 0, Noise
[116.69153,39.85179,1922.18], 0, Noise
[116.69163,39.85167,1928.19], 0, Noise
[116.6916,39.85162,1934.19], 0, Noise
[116.69177,39.85202,1940.18], 0, Noise
[116.69166,39.85171,1946.18], 0, Noise
[116.69162,39.85172,1952.19], 0, Noise
[116.69161,39.85169,1958.19], 0, Noise
[116.69156,39.85125,1964.18], 0, Noise
[116.69165,39.85164,1970.18], 0, Noise
[116.69154,39.85172,1976.18], 0, Noise
[116.69157,39.85175,1982.18], 0, Noise
[116.69168,39.85171,1988.19], 0, Noise
[116.69194,39.85156,2012.18], 0, Noise
[116.69186,39.85159,2018.18], 0, Noise
[116.69182,39.85161,2024.18], 0, Noise
[116.69182,39.85161,2024.18], 0, Noise
[116.69166,39.85145,2030.18], 0, Noise
[116.69163,39.85163,2036.17], 0, Noise
[116.69163,39.85169,2042.17], 0, Noise
[116.69157,39.85161,2054.17], 0, Noise
[116.69155,39.85165,2060.18], 0, Noise
[116.69154,39.85166,2066.18], 0, Noise
[116.69153,39.85168,2078.17], 0, Noise
[116.69154,39.85171,2084.17], 0, Noise
[116.69154,39.85173,2090.17], 0, Noise
[116.69155,39.85173,2096.18], 0, Noise
[116.69153,39.85177,2102.18], 0, Noise
[116.69156,39.85165,2108.17], 0, Noise
[116.69113,39.85163,2114.17], 0, Noise
[116.69143,39.85148,2120.17], 0, Noise
[116.69168,39.85171,2126.17], 0, Noise
[116.69171,39.8517,2132.17], 0, Noise
[116.69162,39.8517,2138.17], 0, Noise
[116.69146,39.85185,2144.17], 0, Noise
[116.69156,39.85164,2150.17], 0, Noise
[116.69158,39.85182,2156.16], 0, Noise
[116.69158,39.85158,2162.17], 0, Noise
[116.69159,39.85166,2168.16], 0, Noise
[116.69157,39.85171,2174.17], 0, Noise
[116.69158,39.85173,2180.17], 0, Noise
[116.6916,39.85174,2186.16], 0, Noise
[116.69161,39.85175,2192.16], 0, Noise
[116.69162,39.85176,2198.16], 0, Noise
[116.69162,39.85176,2198.16], 0, Noise
[116.29444,39.94424,1801.38], 0, Noise
[116.30363,39.9403,1802.45], 0, Noise
[116.58425,39.91108,858.16], 0, Noise
[116.62556,39.90534,864.16], 0, Noise
[116.62556,39.90534,864.16], 0, Noise
[116.63713,39.90953,870.16], 0, Noise
[116.65749,39.88708,876.16], 0, Noise
[116.69302,39.8516,882.16], 0, Noise
[116.69149,39.85161,888.16], 0, Noise
[116.6915,39.85161,894.16], 0, Noise
[116.69152,39.85162,900.16], 0, Noise
[116.69154,39.85162,906.16], 0, Noise
[116.69155,39.85164,912.16], 0, Noise
[116.69155,39.85165,918.15], 0, Noise
[116.69155,39.85166,924.15], 0, Noise
[116.69156,39.85166,930.15], 0, Noise
[116.69156,39.85165,936.15], 0, Noise
[116.69151,39.85193,942.16], 0, Noise
[116.69159,39.85168,948.16], 0, Noise
[116.69159,39.85162,954.15], 0, Noise
[116.69159,39.85162,954.15], 0, Noise
[116.69161,39.85195,966.15], 0, Noise
[116.69164,39.8518,972.15], 0, Noise
[116.69159,39.8517,978.16], 0, Noise
[116.69162,39.85174,984.16], 0, Noise
[116.6916,39.85172,990.15], 0, Noise
[116.6916,39.85175,996.15], 0, Noise
[116.65522,39.8622,99.35], 0, Noise
[116.69164,39.85165,105.35], 0, Noise
[116.69167,39.85166,111.35], 0, Noise
[116.69168,39.85168,123.34], 0, Noise
[116.69168,39.85167,129.34], 0, Noise
[116.69167,39.85169,135.34], 0, Noise
[116.69167,39.85172,141.35], 0, Noise
[116.69167,39.85174,147.35], 0, Noise
[116.69167,39.85175,153.34], 0, Noise
[116.69167,39.85176,159.34], 0, Noise
[116.69172,39.85208,165.34], 0, Noise
[116.69172,39.85208,165.34], 0, Noise
[116.69172,39.85199,171.34], 0, Noise
[116.69171,39.85196,177.34], 0, Noise
[116.69171,39.85182,183.34], 0, Noise
[116.69171,39.85184,189.34], 0, Noise
[116.6917,39.85184,195.34], 0, Noise
[116.57156,39.90263,5073.93], 0, Noise
[116.69166,39.85154,4415.94], 0, Noise
[116.69151,39.85161,4571.93], 0, Noise
[116.69187,39.85201,4517.93], 0, Noise
[116.69152,39.85159,4547.93], 0, Noise
[116.69151,39.85161,4559.93], 0, Noise
[116.21514,39.90426,5132.21], 0, Noise
[116.23269,39.90614,5135.22], 0, Noise
[116.69156,39.85179,4481.93], 0, Noise
[116.23082,39.89635,5128.74], 0, Noise
[116.69163,39.85181,4433.94], 0, Noise
[116.6917,39.85181,4427.94], 0, Noise
[116.69173,39.85176,4595.92], 0, Noise
[116.69152,39.8516,4553.92], 0, Noise
[116.69141,39.85171,4463.94], 0, Noise
[116.31862,39.86682,5122.71], 0, Noise
[116.26813,39.89206,5126.17], 0, Noise
[116.6915,39.85166,4535.93], 0, Noise
[116.24694,39.9197,5138.24], 0, Noise
[116.26828,39.88552,5125.73], 0, Noise
[116.6916,39.85151,4505.93], 0, Noise
[116.69152,39.85161,4529.93], 0, Noise
[116.69152,39.85175,4439.94], 0, Noise
[116.23054,39.89648,5129.19], 0, Noise
[116.6916,39.85154,4493.94], 0, Noise
[116.69152,39.8516,4541.93], 0, Noise
[116.24695,39.91567,5137.79], 0, Noise
[116.26975,39.92127,5144.27], 0, Noise
[116.69152,39.85167,4523.93], 0, Noise
[116.69168,39.8518,4421.94], 0, Noise
[116.69136,39.85164,4457.94], 0, Noise
[116.69173,39.8515,4469.93], 0, Noise
[116.25517,39.92799,5140.81], 0, Noise
[116.6916,39.85156,4511.93], 0, Noise
[116.69161,39.8518,4577.93], 0, Noise
[116.21514,39.90426,5131.76], 0, Noise
[116.69155,39.85173,4445.94], 0, Noise
[116.69152,39.85161,4565.93], 0, Noise
[116.69159,39.85184,4487.93], 0, Noise
[116.69167,39.85149,4409.94], 0, Noise
[116.2674,39.92199,5143.83], 0, Noise
[116.22868,39.90612,5134.78], 0, Noise
[116.25788,39.92787,5141.26], 0, Noise
[116.6916,39.85172,4475.93], 0, Noise
[116.30878,39.86632,5123.16], 0, Noise
[116.69159,39.85169,4403.94], 0, Noise
[116.6916,39.85152,4499.94], 0, Noise
[116.30886,40.00111,4322.81], 0, Noise
[116.28892,39.91138,4076.16], 0, Noise
[116.54773,40.02738,4133.47], 0, Noise
[116.69181,39.85168,4349.94], 0, Noise
[116.59778,39.90824,4041.9], 0, Noise
[116.57994,40.04788,4130.45], 0, Noise
[116.65535,39.88832,4331.95], 0, Noise
[116.5867,40.07698,4127.44], 0, Noise
[116.26846,40.03138,4314.52], 0, Noise
[116.57086,40.03852,4124.42], 0, Noise
[116.57738,39.91294,4044.37], 0, Noise
[116.28772,39.91604,4077.83], 0, Noise
[116.69164,39.85166,4391.94], 0, Noise
[116.69171,39.85199,4361.94], 0, Noise
[116.27001,40.02771,4313.77], 0, Noise
[116.6916,39.85171,4385.94], 0, Noise
[116.29599,39.90632,4074.81], 0, Noise
[116.28169,40.01009,4311.5], 0, Noise
[116.6916,39.85157,4023.9], 0, Noise
[116.58412,40.05736,4126.09], 0, Noise
[116.69185,39.85139,4029.9], 0, Noise
[116.30062,39.96886,4308.49], 0, Noise
[116.66018,39.88501,4035.9], 0, Noise
[116.58223,40.07494,4129.1], 0, Noise
[116.69158,39.85191,4373.95], 0, Noise
[116.69156,39.85189,4367.95], 0, Noise
[116.30893,39.99878,4323.56], 0, Noise
[116.56668,39.91402,4319.94], 0, Noise
[116.69152,39.85197,4337.95], 0, Noise
[116.69161,39.85167,4397.94], 0, Noise
[116.28547,40.03273,4317.54], 0, Noise
[116.30774,40.02229,4320.55], 0, Noise
[116.69179,39.85168,4355.94], 0, Noise
[116.30176,40.0315,4319.81], 0, Noise
[116.28094,40.03178,4316.79], 0, Noise
[116.69164,39.85153,4011.9], 0, Noise
[116.6014,39.90733,4325.94], 0, Noise
[116.28485,39.99919,4310.76], 0, Noise
[116.69163,39.8516,4017.9], 0, Noise
[116.69156,39.85179,4343.94], 0, Noise
[116.53613,40.02323,4123.07], 0, Noise
[116.69158,39.85189,4379.94], 0, Noise
[116.54184,39.75761,3653.7], 0, Noise
[116.69172,39.85141,3825.92], 0, Noise
[116.69169,39.85172,3993.9], 0, Noise
[116.55059,40.02822,3982.65], 0, Noise
[116.58061,40.04802,3976.62], 0, Noise
[116.69163,39.85198,3849.92], 0, Noise
[116.54184,39.75761,3653.58], 0, Noise
[116.69178,39.85217,3819.92], 0, Noise
[116.55748,40.03069,3975.27], 0, Noise
[116.69179,39.85186,3903.91], 0, Noise
[116.69165,39.85152,3927.91], 0, Noise
[116.69171,39.85172,3999.91], 0, Noise
[116.69164,39.85197,3843.91], 0, Noise
[116.69179,39.8516,3813.92], 0, Noise
[116.69174,39.85184,3801.92], 0, Noise
[116.69153,39.85192,3939.91], 0, Noise
[116.69157,39.85273,3969.91], 0, Noise
[116.69171,39.85172,3921.91], 0, Noise
[116.6916,39.85138,3831.91], 0, Noise
[116.69164,39.8514,3909.91], 0, Noise
[116.69176,39.85144,3867.91], 0, Noise
[116.69172,39.85156,3975.9], 0, Noise
[116.69164,39.85143,3885.91], 0, Noise
[116.69159,39.85178,3963.91], 0, Noise
[116.69152,39.85133,3873.91], 0, Noise
[116.69167,39.85129,3945.91], 0, Noise
[116.69164,39.85141,3915.91], 0, Noise
[116.69159,39.85178,3957.91], 0, Noise
[116.58266,40.0794,3978.28], 0, Noise
[116.69164,39.85111,3879.91], 0, Noise
[116.69223,39.85128,3837.92], 0, Noise
[116.69173,39.85172,3897.92], 0, Noise
[116.69147,39.85125,3981.9], 0, Noise
[116.69164,39.85156,3933.91], 0, Noise
[116.69162,39.85136,3891.92], 0, Noise
[116.69165,39.85177,3987.9], 0, Noise
[116.69163,39.85154,3807.93], 0, Noise
[116.69172,39.85148,3861.92], 0, Noise
[116.51753,39.79984,3136.24], 0, Noise
[116.52568,39.78886,3137.36], 0, Noise
[116.69157,39.8517,3138.4], 0, Noise
[116.69159,39.85181,3096.4], 0, Noise
[116.69155,39.85165,3024.41], 0, Noise
[116.69156,39.85169,3042.41], 0, Noise
[116.5727,39.91361,3156.4], 0, Noise
[116.69155,39.85167,3030.41], 0, Noise
[116.69159,39.85181,3084.41], 0, Noise
[116.69135,39.85206,3012.41], 0, Noise
[116.69159,39.85183,3078.41], 0, Noise
[116.69155,39.85168,3036.41], 0, Noise
[116.6915,39.85164,3000.41], 0, Noise
[116.69148,39.85181,3066.4], 0, Noise
[116.69158,39.8517,3048.41], 0, Noise
[116.69159,39.85185,3072.4], 0, Noise
[116.69159,39.85158,3126.4], 0, Noise
[116.69159,39.85182,3090.4], 0, Noise
[116.69159,39.8516,3120.41], 0, Noise
[116.69155,39.85173,3108.4], 0, Noise
[116.69159,39.8517,3054.4], 0, Noise
[116.69157,39.85181,3018.41], 0, Noise
[116.69159,39.8518,3102.4], 0, Noise
[116.63319,39.90081,3150.4], 0, Noise
[116.69159,39.85171,3060.4], 0, Noise
[116.69158,39.85183,3132.4], 0, Noise
[116.69156,39.85172,2240.16], 0, Noise
[116.58407,40.07985,2248.09], 0, Noise
[116.29417,39.94454,1795.35], 0, Noise
[116.57789,40.04688,2235.21], 0, Noise
[116.69162,39.85176,2204.16], 0, Noise
[116.27915,39.94441,1798.37], 0, Noise
[116.56076,40.03244,2232.2], 0, Noise
[116.69162,39.85176,2216.17], 0, Noise
[116.58232,40.06739,2244.26], 0, Noise
[116.69162,39.85177,2210.17], 0, Noise
[116.69156,39.85169,2246.16], 0, Noise
[116.69155,39.85172,2234.16], 0, Noise
[116.57937,40.04706,2236.02], 0, Noise
[116.6916,39.85152,2258.16], 0, Noise
[116.58291,40.05364,2239.04], 0, Noise
[116.27908,39.94509,1799.43], 0, Noise
[116.58316,40.05939,2241.25], 0, Noise
[116.58309,40.06092,2242.05], 0, Noise
[116.64668,39.89091,2276.16], 0, Noise
[116.579,40.04747,2250.3], 0, Noise
[116.69157,39.85167,2252.16], 0, Noise
[116.2829,39.94584,1796.41], 0, Noise
[116.56985,40.03766,2233.0], 0, Noise
[116.69155,39.85169,2228.16], 0, Noise
[116.69568,39.85251,2270.16], 0, Noise
[116.69154,39.85166,2222.16], 0, Noise
[116.58197,40.05124,2238.23], 0, Noise
[116.69159,39.85156,2264.16], 0, Noise
[116.6916,39.85169,1206.13], 0, Noise
[116.69162,39.85173,1332.12], 0, Noise
[116.69161,39.85174,1326.12], 0, Noise
[116.69163,39.85186,1404.11], 0, Noise
[116.67003,39.87709,1422.11], 0, Noise
[116.69141,39.85192,1290.12], 0, Noise
[116.69152,39.85141,1338.13], 0, Noise
[116.6913,39.85196,1284.12], 0, Noise
[116.6916,39.85163,1254.13], 0, Noise
[116.69161,39.85176,1350.12], 0, Noise
[116.69171,39.85171,1236.13], 0, Noise
[116.69166,39.85158,1242.13], 0, Noise
[116.69149,39.85166,1272.13], 0, Noise
[116.69162,39.85185,1410.12], 0, Noise
[116.69155,39.85165,1266.13], 0, Noise
[116.69163,39.85156,1374.12], 0, Noise
[116.69163,39.85176,1356.12], 0, Noise
[116.69162,39.85166,1398.12], 0, Noise
[116.69163,39.85154,1380.12], 0, Noise
[116.69159,39.85128,1230.13], 0, Noise
[116.57792,39.9129,1434.11], 0, Noise
[116.69156,39.85164,1260.13], 0, Noise
[116.69163,39.85152,1386.11], 0, Noise
[116.69139,39.8518,1308.13], 0, Noise
[116.69159,39.85156,1392.11], 0, Noise
[116.69161,39.85171,1224.13], 0, Noise
[116.6916,39.85167,1314.12], 0, Noise
[116.6916,39.8517,1218.13], 0, Noise
[116.69161,39.85169,1200.14], 0, Noise
[116.69164,39.8516,1248.13], 0, Noise
[116.6916,39.8517,1212.13], 0, Noise
[116.69163,39.8516,1368.12], 0, Noise
[116.69165,39.85185,1344.13], 0, Noise
[116.69162,39.85173,1320.12], 0, Noise
[116.6915,39.85179,1278.12], 0, Noise
[116.69158,39.85168,1302.13], 0, Noise
[116.69162,39.85172,1362.12], 0, Noise
[116.63086,39.9044,1428.11], 0, Noise
[116.69162,39.85171,1416.12], 0, Noise
[116.69158,39.85164,1296.12], 0, Noise
[116.69163,39.85168,1182.13], 0, Noise
[116.6917,39.85133,531.31], 0, Noise
[116.69169,39.85168,501.31], 0, Noise
[116.69163,39.85195,1032.14], 0, Noise
[116.69162,39.85158,1104.14], 0, Noise
[116.69162,39.85169,1188.13], 0, Noise
[116.69159,39.85173,1038.15], 0, Noise
[116.69164,39.85173,1068.14], 0, Noise
[116.58447,40.07911,526.7], 0, Noise
[116.69162,39.85158,1098.14], 0, Noise
[116.69172,39.85176,417.32], 0, Noise
[116.69169,39.85165,507.32], 0, Noise
[116.6916,39.85181,1026.14], 0, Noise
[116.69184,39.85188,465.32], 0, Noise
[116.50592,40.00837,505.59], 0, Noise
[116.6916,39.85181,1014.15], 0, Noise
[116.58067,40.04806,513.99], 0, Noise
[116.69167,39.85173,549.31], 0, Noise
[116.69162,39.85159,1086.15], 0, Noise
[116.69157,39.85171,561.31], 0, Noise
[116.69162,39.85182,1122.14], 0, Noise
[116.69129,39.85191,411.32], 0, Noise
[116.69156,39.8517,555.31], 0, Noise
[116.69165,39.85161,471.32], 0, Noise
[116.69162,39.85169,1194.14], 0, Noise
[116.69165,39.85179,543.32], 0, Noise
[116.69163,39.85168,1176.13], 0, Noise
[116.69162,39.8516,1092.15], 0, Noise
[116.69165,39.85173,429.32], 0, Noise
[116.69169,39.85172,1140.13], 0, Noise
[116.69164,39.85168,1158.14], 0, Noise
[116.6174,39.9057,579.31], 0, Noise
[116.6916,39.85179,1008.15], 0, Noise
[116.69161,39.85166,453.32], 0, Noise
[116.582,40.07134,523.04], 0, Noise
[116.69162,39.85161,1110.14], 0, Noise
[116.6917,39.85163,483.31], 0, Noise
[116.69163,39.85167,1152.13], 0, Noise
[116.69156,39.85166,405.33], 0, Noise
[116.6916,39.85177,1050.15], 0, Noise
[116.69163,39.85159,1146.13], 0, Noise
[116.69164,39.85169,1170.13], 0, Noise
[116.69162,39.85176,1128.14], 0, Noise
[116.69169,39.85163,513.32], 0, Noise
[116.69161,39.85172,1056.15], 0, Noise
[116.69169,39.8518,1134.14], 0, Noise
[116.69158,39.85175,1044.14], 0, Noise
[116.69161,39.85178,1002.15], 0, Noise
[116.69174,39.85169,1080.14], 0, Noise
[116.51207,40.01393,532.09], 0, Noise
[116.69167,39.8517,1074.14], 0, Noise
[116.69163,39.85174,1062.14], 0, Noise
[116.69162,39.85163,447.32], 0, Noise
[116.69172,39.85106,525.31], 0, Noise
[116.57833,39.91297,585.31], 0, Noise
[116.65945,39.88563,573.31], 0, Noise
[116.69169,39.85161,519.31], 0, Noise
[116.69171,39.85166,495.31], 0, Noise
[116.69171,39.85165,537.31], 0, Noise
[116.69164,39.85169,1164.14], 0, Noise
[116.69164,39.85158,441.32], 0, Noise
[116.69159,39.85188,1116.14], 0, Noise
[116.69285,39.85167,567.31], 0, Noise
[116.57561,40.04372,510.97], 0, Noise
[116.69169,39.85142,435.32], 0, Noise
[116.69176,39.85176,363.33], 0, Noise
[116.69172,39.85179,291.34], 0, Noise
[116.69161,39.8516,393.32], 0, Noise
[116.69162,39.85158,387.32], 0, Noise
[116.69167,39.85196,255.33], 0, Noise
[116.69157,39.85211,375.32], 0, Noise
[116.69177,39.85175,369.33], 0, Noise
[116.6916,39.85156,345.33], 0, Noise
[116.69162,39.85157,381.32], 0, Noise
[116.69168,39.85163,225.34], 0, Noise
[116.69164,39.85165,309.33], 0, Noise
[116.69168,39.85146,207.34], 0, Noise
[116.69171,39.85176,297.34], 0, Noise
[116.69158,39.8518,321.33], 0, Noise
[116.69138,39.85178,399.33], 0, Noise
[116.69179,39.85177,357.33], 0, Noise
[116.6917,39.85184,201.34], 0, Noise
[116.69167,39.85167,261.34], 0, Noise
[116.6917,39.85176,303.33], 0, Noise
[116.69161,39.85155,333.33], 0, Noise
[116.69172,39.85165,213.34], 0, Noise
[116.69156,39.85161,339.33], 0, Noise
[116.69156,39.85141,327.33], 0, Noise
[116.69166,39.85159,231.34], 0, Noise
[116.69176,39.85183,273.88], 0, Noise
[116.6918,39.85176,351.33], 0, Noise
[116.69164,39.85186,249.33], 0, Noise
[116.69173,39.85174,279.33], 0, Noise
[116.69176,39.85165,219.34], 0, Noise
[116.69155,39.85181,315.33], 0, Noise
[116.49819,39.89196,2600.08], 1, Core
[116.47397,39.89202,2602.95], 1, Core
[116.4715,39.89221,2603.1], 1, Core
[116.47163,39.90368,2605.97], 1, Core
[116.42972,39.90659,2608.99], 1, Core
[116.41179,39.91372,2612.0], 1, Core
[116.41171,39.91402,2612.15], 1, Core
[116.41173,39.90953,2615.02], 1, Core
[116.41173,39.90953,2615.16], 1, Core
[116.41197,39.9036,2618.18], 1, Core
[116.41211,39.90018,2621.05], 1, Core
[116.41211,39.90018,2621.2], 1, Core
[116.41291,39.88616,2624.07], 1, Core
[116.41291,39.88616,2624.21], 1, Core
[116.41852,39.88243,2627.09], 1, Core
[116.41978,39.8826,2627.23], 1, Core
[116.43068,39.8923,2630.1], 1, Core
[116.43308,39.89235,2630.25], 1, Core
[116.43308,39.89235,2630.25], 1, Core
[116.44756,39.88325,2633.12], 1, Core
[116.44614,39.88329,2633.26], 1, Core
[116.44463,39.88128,2636.14], 1, Core
[116.44463,39.88128,2636.14], 1, Core
[116.44466,39.88099,2636.28], 1, Core
[116.44934,39.87495,2639.15], 1, Core
[116.4553,39.87712,2642.3], 1, Core
[116.46159,39.87651,2645.17], 1, Core
[116.46161,39.87616,2645.32], 1, Core
[116.46677,39.86511,2648.19], 1, Core
[116.46711,39.8651,2648.34], 1, Core
[116.47088,39.87,2651.21], 1, Core
[116.47108,39.87003,2651.35], 1, Core
[116.47648,39.88075,2654.22], 1, Core
[116.47692,39.88096,2654.37], 1, Core
[116.46886,39.88313,2657.24], 1, Core
[116.46617,39.88314,2657.38], 1, Core
[116.4616,39.87571,2660.26], 1, Core
[116.46159,39.87532,2660.4], 1, Core
[116.45094,39.88027,2663.27], 1, Core
[116.45075,39.88029,2663.42], 1, Core
[116.43903,39.88603,2666.29], 1, Core
[116.43881,39.88787,2666.43], 1, Core
[116.41687,39.89917,2669.31], 1, Core
[116.42777,39.90369,2672.32], 1, Core
[116.42923,39.9037,2672.47], 1, Core
[116.44869,39.88313,2675.34], 1, Core
[116.44913,39.88314,2675.48], 1, Core
[116.47112,39.88185,2678.36], 1, Core
[116.47115,39.87993,2678.5], 1, Core
[116.46168,39.86787,2681.37], 1, Core
[116.46164,39.86905,2681.52], 1, Core
[116.49863,39.86934,2684.39], 1, Core
[116.50102,39.8693,2684.53], 1, Core
[116.49592,39.86974,2687.41], 1, Core
[116.46164,39.8688,2690.42], 1, Core
[116.46164,39.8688,2690.57], 1, Core
[116.4555,39.86674,2693.44], 1, Core
[116.4552,39.86691,2693.58], 1, Core
[116.45551,39.86715,2696.46], 1, Core
[116.45548,39.86717,2696.6], 1, Core
[116.45555,39.86716,2699.47], 1, Core
[116.45555,39.86716,2699.62], 1, Core
[116.45559,39.86716,2702.49], 1, Core
[116.45559,39.86716,2702.63], 1, Core
[116.45711,39.88074,2705.51], 1, Core
[116.45826,39.88072,2705.65], 1, Core
[116.45826,39.88072,2705.65], 1, Core
[116.45776,39.88101,2708.52], 1, Core
[116.45513,39.92829,2539.75], 1, Core
[116.43391,39.89791,2575.8], 1, Core
[116.52989,39.91537,2469.83], 1, Core
[116.41079,39.8946,2563.74], 1, Core
[116.46047,39.92795,2533.57], 1, Core
[116.45544,39.88335,2515.47], 1, Core
[116.48006,39.95789,2577.83], 1, Core
[116.49543,39.92194,2403.27], 1, Core
[116.43354,39.89245,2545.64], 1, Core
[116.44042,39.9218,2419.21], 1, Core
[116.50839,39.86888,2593.9], 1, Border
[116.42942,39.92315,2421.37], 1, Core
[116.38875,39.88221,2554.83], 1, Border
[116.46554,39.89191,2581.98], 1, Core
[116.39454,39.8855,2551.67], 1, Core
[116.46799,39.87806,2512.46], 1, Core
[116.47265,39.91452,2412.32], 1, Core
[116.4546,39.98414,2565.83], 1, Border
[116.54716,39.92268,2463.84], 1, Border
[116.48112,39.87482,2587.87], 1, Core
[116.48102,39.87481,2588.01], 1, Core
[116.41802,39.91627,2431.27], 1, Core
[116.4553,39.9301,2539.61], 1, Core
[116.45382,39.89196,2578.82], 1, Core
[116.41175,39.89458,2563.88], 1, Core
[116.496,39.92708,2400.25], 1, Core
[116.5011,39.89195,2599.94], 1, Core
[116.46,39.98753,2571.83], 1, Border
[116.48656,39.91447,2410.16], 1, Core
[116.38253,39.88831,2566.9], 1, Border
[116.46123,39.88056,2509.44], 1, Core
[116.48759,39.87485,2590.89], 1, Core
[116.52396,39.88451,2597.06], 1, Border
[116.45471,39.91178,2530.56], 1, Core
[116.48927,39.91407,2407.14], 1, Core
[116.4277,39.93528,2547.82], 1, Core
[116.45556,39.88474,2515.62], 1, Core
[116.45753,39.88088,2443.34], 1, Core
[116.45471,39.91178,2530.7], 1, Core
[116.46783,39.87837,2512.6], 1, Core
[116.48343,39.91442,2406.28], 1, Core
[116.46162,39.87544,2506.57], 1, Core
[116.44757,39.90252,2437.31], 1, Core
[116.45181,39.90779,2521.51], 1, Core
[116.45348,39.92281,2511.83], 1, Core
[116.46455,39.96358,2505.83], 1, Core
[116.42184,39.90723,2427.4], 1, Core
[116.50337,39.90693,2595.82], 1, Core
[116.43354,39.89245,2545.78], 1, Core
[116.42075,39.91099,2428.26], 1, Core
[116.43479,39.94799,2559.82], 1, Core
[116.3852,39.89874,2569.91], 1, Border
[116.41803,39.91628,2430.41], 1, Core
[116.39928,39.88661,2557.7], 1, Core
[116.44283,39.91187,2524.52], 1, Core
[116.42432,39.92302,2422.22], 1, Core
[116.42977,39.90246,2436.45], 1, Core
[116.38371,39.89865,2569.77], 1, Border
[116.46175,39.99519,2499.83], 1, Border
[116.44031,39.91189,2524.67], 1, Core
[116.4616,39.87554,2506.42], 1, Core
[116.45553,39.90672,2542.62], 1, Core
[116.40146,39.88677,2557.85], 1, Core
[116.43161,39.92234,2535.83], 1, Core
[116.46159,39.88035,2509.58], 1, Core
[116.46432,39.9139,2523.83], 1, Core
[116.38875,39.88221,2554.69], 1, Border
[116.45594,39.91793,2416.19], 1, Core
[116.45419,39.95203,2481.83], 1, Core
[116.46055,39.928,2533.72], 1, Core
[116.43625,39.90894,2527.68], 1, Core
[116.48335,39.8868,2585.0], 1, Core
[116.47822,39.92153,2517.83], 1, Core
[116.47556,39.92172,2475.83], 1, Core
[116.42843,39.90776,2541.83], 1, Core
[116.42076,39.91383,2424.38], 1, Core
[116.4041,39.89941,2572.79], 1, Core
[116.44473,39.92163,2418.35], 1, Core
[116.41563,39.9462,2553.83], 1, Core
[116.44923,39.9797,2493.83], 1, Core
[116.45475,39.87294,2440.32], 1, Core
[116.49344,39.91441,2457.85], 1, Core
[116.42804,39.91411,2425.24], 1, Core
[116.412,39.8917,2560.86], 1, Core
[116.48535,39.92203,2404.12], 1, Core
[116.48758,39.87485,2591.03], 1, Core
[116.50407,39.9147,2589.82], 1, Core
[116.45781,39.88089,2442.48], 1, Core
[116.45544,39.90436,2542.77], 1, Core
[116.43523,39.92163,2529.83], 1, Core
[116.38318,39.88836,2566.75], 1, Border
[116.49714,39.91482,2409.3], 1, Core
[116.40976,39.88699,2548.65], 1, Core
[116.39428,39.88542,2551.81], 1, Core
[116.47179,39.92762,2583.83], 1, Core
[116.52203,39.88452,2596.92], 1, Border
[116.40728,39.887,2548.8], 1, Core
[116.43665,39.89725,2575.95], 1, Core
[116.46651,39.91481,2413.17], 1, Core
[116.41198,39.89167,2560.72], 1, Core
[116.45504,39.88513,2439.46], 1, Core
[116.5107,39.86894,2594.05], 1, Border
[116.48336,39.88701,2584.85], 1, Core
[116.40437,39.89941,2572.93], 1, Core
[116.42502,39.91405,2434.29], 1, Core
[116.46554,39.89191,2581.84], 1, Core
[116.49293,39.93048,2401.36], 1, Core
[116.45382,39.89196,2578.96], 1, Core
[116.46794,39.94389,2487.83], 1, Core
[116.45181,39.90779,2521.65], 1, Core
[116.46249,39.92864,2536.73], 1, Core
[116.44405,39.90785,2317.47], 1, Core
[116.46515,39.915,2318.16], 1, Core
[116.4741,39.91413,2330.15], 1, Core
[116.44939,39.95546,2257.14], 1, Core
[116.43281,39.89273,2289.51], 1, Core
[116.45406,39.88306,2299.37], 1, Core
[116.4549,39.88384,2322.69], 1, Core
[116.46086,39.9162,2324.16], 1, Core
[116.44892,39.92719,2262.36], 1, Core
[116.45251,39.8831,2298.56], 1, Core
[116.41147,39.89588,2280.46], 1, Core
[116.4711,39.88478,2302.39], 1, Core
[116.45217,39.89635,2320.49], 1, Core
[116.42446,39.89521,2284.29], 1, Core
[116.45918,39.90374,2214.1], 1, Core
[116.45448,39.90566,2269.2], 1, Core
[116.47909,39.89989,2217.92], 1, Core
[116.43037,39.88302,2274.43], 1, Core
[116.44943,39.89091,2272.22], 1, Core
[116.45678,39.91749,2300.15], 1, Core
[116.44405,39.90785,2316.66], 1, Core
[116.45594,39.9276,2392.06], 1, Core
[116.45519,39.91569,2320.58], 1, Core
[116.45486,39.89653,2211.08], 1, Core
[116.42871,39.91976,2310.63], 1, Core
[116.47108,39.88725,2301.58], 1, Core
[116.45507,39.90025,2319.68], 1, Core
[116.46894,39.91277,2220.94], 1, Core
[116.4609,39.9261,2391.2], 1, Core
[116.4394,39.9192,2265.38], 1, Core
[116.44851,39.87493,2295.55], 1, Core
[116.44455,39.93993,2337.51], 1, Core
[116.47082,39.90315,2214.91], 1, Core
[116.42758,39.93564,2340.76], 1, Core
[116.4497,39.88331,2208.87], 1, Core
[116.42998,39.90339,2308.42], 1, Core
[116.43983,39.92112,2313.64], 1, Core
[116.51525,39.9159,2336.15], 1, Core
[116.58498,39.91226,2364.87], 1, Border
[116.43285,39.89309,2286.5], 1, Core
[116.46105,39.96903,2226.16], 1, Core
[116.45005,39.88289,2205.06], 1, Core
[116.44397,39.90731,2268.4], 1, Core
[116.45243,39.94008,2260.15], 1, Core
[116.5119,39.92192,2383.01], 1, Core
[116.4555,39.88601,2304.6], 1, Core
[116.4329,39.89825,2307.61], 1, Core
[116.49968,39.91468,2294.15], 1, Core
[116.4486,39.8832,2292.53], 1, Core
[116.42124,39.89298,2283.48], 1, Core
[116.4124,39.89438,2278.25], 1, Core
[116.44563,39.88332,2205.87], 1, Core
[116.51618,40.01636,2229.18], 1, Border
[116.51509,39.92262,2382.15], 1, Core
[116.44952,39.89255,2271.41], 1, Core
[116.45673,39.87491,2202.85], 1, Core
[116.42059,39.90385,2346.8], 1, Core
[116.46352,39.91971,2312.15], 1, Core
[116.45377,39.96175,2256.33], 1, Core
[116.41623,39.89587,2281.27], 1, Core
[116.45551,39.89154,2305.4], 1, Core
[116.4802,39.89846,2217.12], 1, Core
[116.471,39.91039,2220.13], 1, Core
[116.42745,39.93771,2340.53], 1, Core
[116.46158,39.87867,2202.04], 1, Core
[116.56646,39.92326,2376.57], 1, Border
[116.51059,40.01303,2253.31], 1, Border
[116.44296,39.89213,2290.32], 1, Core
[116.59985,39.90881,2282.16], 1, Border
[116.43597,39.92573,2306.15], 1, Core
[116.58451,39.9262,2373.92], 1, Border
[116.57752,39.91269,2361.64], 1, Border
[116.55692,39.9231,2379.13], 1, Border
[116.49555,39.99947,2254.12], 1, Border
[116.44472,39.87932,2208.07], 1, Core
[116.44426,39.9262,2263.17], 1, Core
[116.44031,39.92084,2314.45], 1, Core
[116.58494,39.91964,2370.68], 1, Border
[116.42951,39.89978,2349.57], 1, Core
[116.50062,39.90666,2355.61], 1, Core
[116.4639,39.91534,2389.04], 1, Core
[116.44414,39.90706,2353.1], 1, Core
[116.45458,39.92156,2223.15], 1, Core
[116.43206,39.9228,2311.44], 1, Core
[116.43283,39.89308,2287.3], 1, Core
[116.4554,39.90294,2211.89], 1, Core
[116.47554,39.98212,2226.97], 1, Border
[116.45501,39.94397,2259.35], 1, Core
[116.5411,39.92257,2380.24], 1, Border
[116.45517,39.92252,2394.22], 1, Core
[116.47949,39.92161,2398.09], 1, Core
[116.44393,39.91576,2266.19], 1, Core
[116.45452,39.93618,2223.96], 1, Core
[116.5531,39.91485,2288.16], 1, Border
[116.4556,39.86714,4436.06], 2, Border
[116.37333,39.93153,4409.25], 2, Core
[116.35206,39.9391,4403.21], 2, Border
[116.42913,39.93937,4421.01], 2, Core
[116.34789,39.93885,4402.88], 2, Border
[116.33929,39.93789,4400.2], 2, Border
[116.4556,39.86714,4439.08], 2, Border
[116.45528,39.87971,4442.09], 2, Border
[116.45767,39.88116,4445.15], 2, Border
[116.45486,39.87602,4430.03], 2, Core
[116.43341,39.93972,4421.31], 2, Core
[116.4556,39.86714,4439.41], 2, Border
[116.45767,39.88116,4445.11], 2, Border
[116.45473,39.86994,4430.36], 2, Core
[116.45466,39.90663,4427.25], 2, Core
[116.37333,39.93153,4408.91], 2, Core
[116.41083,39.93482,4418.3], 2, Core
[116.45892,39.88085,4443.03], 2, Border
[116.43986,39.92531,4423.99], 2, Core
[116.45562,39.86712,4433.04], 2, Border
[116.4049,39.91659,4415.28], 2, Core
[116.39354,39.92203,4412.26], 2, Core
[116.45451,39.90568,4427.35], 2, Core
[116.41081,39.93225,4417.96], 2, Core
[116.35762,39.93532,4405.89], 2, Border
[116.40477,39.91411,4414.94], 2, Core
[116.35762,39.93532,4406.23], 2, Border
[116.45561,39.86713,4433.38], 2, Border
[116.39328,39.92415,4411.93], 2, Core
[116.4556,39.86714,4436.4], 2, Border
[116.40199,39.94955,4296.42], 2, Core
[116.48361,39.95176,4118.39], 2, Border
[116.43808,39.9069,4023.53], 2, Core
[116.37432,39.96818,4094.26], 2, Border
[116.40053,39.90782,4376.07], 2, Core
[116.42808,39.87961,4263.24], 2, Core
[116.42467,39.88763,4287.37], 2, Core
[116.50432,40.00722,4135.14], 2, Border
[116.39031,39.92707,4104.97], 2, Core
[116.40984,39.85605,4268.52], 2, Core
[116.37376,39.98624,4328.85], 2, Border
[116.39087,39.9619,4301.71], 2, Core
[116.44847,39.979,4346.95], 2, Border
[116.38946,39.89868,4055.05], 2, Border
[116.43316,39.92555,4235.34], 2, Core
[116.46539,39.98307,4002.42], 2, Border
[116.51471,39.91661,4175.77], 2, Border
[116.32984,39.9026,4070.13], 2, Border
[116.38119,39.88172,4042.98], 2, Border
[116.35998,39.96645,4305.47], 2, Border
[116.42294,39.88551,4286.62], 2, Core
[116.35991,39.94544,4397.18], 2, Border
[116.41516,39.88262,4265.51], 2, Core
[116.46526,39.95104,4009.8], 2, Core
[116.4276,39.94513,4393.83], 2, Core
[116.42862,39.91839,4233.07], 2, Core
[116.45535,39.87856,4226.29], 2, Core
[116.41865,39.98787,4350.71], 2, Border
[116.3757,39.92902,4101.95], 2, Border
[116.45926,39.96878,4341.66], 2, Border
[116.42137,39.89396,4289.64], 2, Core
[116.38305,39.90062,4053.7], 2, Border
[116.37329,39.93601,4098.94], 2, Border
[116.41454,39.88009,4266.25], 2, Core
[116.41142,39.90673,4111.0], 2, Core
[116.44936,39.89199,4160.62], 2, Border
[116.36392,39.96679,4362.46], 2, Border
[116.35334,39.88809,4064.1], 2, Border
[116.44211,39.96009,4142.52], 2, Core
[116.33656,39.8966,4067.12], 2, Border
[116.40521,39.89941,4257.21], 2, Core
[116.39179,39.98674,4329.59], 2, Border
[116.36347,39.98247,4091.25], 2, Border
[116.4667,39.99374,4337.9], 2, Border
[116.45512,39.92066,4150.22], 2, Core
[116.36919,39.9858,4092.91], 2, Border
[116.3659,39.88795,4062.75], 2, Border
[116.34998,39.92604,4085.21], 2, Border
[116.44959,39.88926,4384.78], 2, Core
[116.45522,39.9322,4148.55], 2, Core
[116.45094,39.93667,4015.83], 2, Core
[116.40524,39.89147,4253.44], 2, Core
[116.44353,39.9721,4343.93], 2, Border
[116.4266,39.89935,4290.39], 2, Core
[116.48389,39.94051,4117.04], 2, Core
[116.41477,39.87814,4281.34], 2, Core
[116.43433,39.89222,4159.27], 2, Border
[116.42717,39.89954,4239.11], 2, Core
[116.43421,39.90708,4112.35], 2, Core
[116.3776,39.96688,4304.72], 2, Border
[116.36832,39.89801,4047.67], 2, Border
[116.48572,39.93235,4169.77], 2, Border
[116.41523,39.89172,4242.12], 2, Core
[116.43561,39.9071,4379.08], 2, Core
[116.4442,39.98228,4331.86], 2, Border
[116.40121,39.88673,4250.42], 2, Core
[116.33932,39.92189,4083.86], 2, Border
[116.35289,39.96619,4088.23], 2, Border
[116.3839,39.8819,4059.73], 2, Border
[116.39504,39.89072,4254.19], 2, Core
[116.43118,39.98806,4349.96], 2, Border
[116.41792,39.9934,4352.98], 2, Border
[116.38238,39.93186,4103.3], 2, Core
[116.46148,40.00013,4000.75], 2, Border
[116.39565,39.89889,4256.46], 2, Core
[116.38703,39.88409,4058.07], 2, Border
[116.4847,39.91423,4307.94], 2, Core
[116.45,39.88149,4387.79], 2, Core
[116.32902,39.90884,4071.8], 2, Border
[116.4212,39.89599,4241.38], 2, Core
[116.38054,39.85449,4271.54], 2, Core
[116.34987,39.94911,4086.88], 2, Border
[116.45762,39.88096,4163.64], 2, Border
[116.46882,39.87476,4029.57], 2, Border
[116.37579,39.9311,4100.29], 2, Border
[116.39019,39.92849,4373.05], 2, Core
[116.39408,39.85591,4269.27], 2, Core
[116.45502,39.88303,4026.55], 2, Border
[116.36903,39.88811,4046.0], 2, Border
[116.32263,39.92194,4082.2], 2, Border
[116.44126,39.88327,4229.31], 2, Core
[116.43777,39.90734,4021.87], 2, Core
[116.45524,39.93292,4147.2], 2, Core
[116.45582,39.88291,4162.29], 2, Border
[116.37616,39.90805,4052.03], 2, Border
[116.38163,39.87058,4041.63], 2, Border
[116.42987,39.92298,4236.09], 2, Core
[116.4294,39.90748,4238.36], 2, Core
[116.41578,39.86896,4280.59], 2, Core
[116.44834,39.95616,4144.19], 2, Core
[116.47153,39.86935,4030.92], 2, Border
[116.41773,39.98787,4353.73], 2, Border
[116.45034,39.88309,4156.25], 2, Border
[116.45558,39.87009,4033.93], 2, Border
[116.33432,39.99043,4326.58], 2, Border
[116.45025,39.95472,4139.5], 2, Core
[116.44413,39.91661,4018.85], 2, Core
[116.43892,39.88715,4230.06], 2, Core
[116.42748,39.98218,4355.99], 2, Border
[116.46446,39.97418,4340.91], 2, Border
[116.33925,39.93981,4399.86], 2, Border
[116.38119,39.88201,4061.08], 2, Border
[116.40197,39.95148,4298.69], 2, Core
[116.34265,39.8931,4065.76], 2, Border
[116.51731,39.91134,4313.94], 2, Border
[116.36809,39.90238,4049.02], 2, Border
[116.43418,39.9071,4378.74], 2, Core
[116.40048,39.91262,4375.73], 2, Core
[116.46655,39.99331,4334.88], 2, Border
[116.45509,39.91179,4153.24], 2, Border
[116.43777,39.90734,4020.52], 2, Core
[116.4528,39.95353,4141.17], 2, Core
[116.45649,39.94257,4014.48], 2, Core
[116.38995,39.88219,4247.41], 2, Core
[116.48811,39.96083,4006.78], 2, Border
[116.49605,39.9995,4121.4], 2, Border
[116.48394,39.90847,4115.37], 2, Border
[116.36679,39.94741,4396.84], 2, Border
[116.45187,39.95994,4138.15], 2, Core
[116.30604,39.92269,4080.85], 2, Border
[116.42959,39.90804,4232.33], 2, Core
[116.48081,39.98595,4136.49], 2, Border
[116.3297,39.99154,4325.83], 2, Border
[116.31565,39.90625,4073.15], 2, Border
[116.45481,39.90378,4381.76], 2, Core
[116.44331,39.85827,4035.6], 2, Border
[116.53903,39.91508,4047.9], 2, Border
[116.41181,39.85586,4036.95], 2, Border
[116.38066,39.85491,4275.3], 2, Core
[116.39054,39.96187,4302.45], 2, Core
[116.45496,39.90346,4382.1], 2, Core
[116.38051,39.85027,4272.29], 2, Border
[116.4496,39.88657,4385.11], 2, Core
[116.4124,39.89013,4283.61], 2, Core
[116.41273,39.8861,4244.39], 2, Core
[116.44482,39.92565,4017.5], 2, Core
[116.41257,39.89214,4259.47], 2, Core
[116.40682,39.88697,4245.14], 2, Core
[116.45522,39.94837,4145.54], 2, Core
[116.46902,39.99531,4335.63], 2, Border
[116.415,39.89168,4260.22], 2, Core
[116.47696,39.97553,4003.77], 2, Border
[116.38745,39.86408,4039.97], 2, Border
[116.41309,39.88601,4284.35], 2, Core
[116.30708,39.96292,4307.74], 2, Border
[116.44993,39.87827,4388.13], 2, Core
[116.40172,39.95741,4299.44], 2, Core
[116.33637,39.90106,4068.78], 2, Border
[116.3807,39.85097,4274.56], 2, Border
[116.38909,39.88192,4248.16], 2, Core
[116.42795,39.93097,4293.4], 2, Core
[116.45768,39.88083,4165.91], 2, Border
[116.40611,39.88683,4251.17], 2, Core
[116.39704,39.90709,4109.34], 2, Core
[116.42776,39.88236,4262.49], 2, Core
[116.39455,39.86415,4038.62], 2, Border
[116.48366,39.94303,4295.96], 2, Core
[116.42853,39.9194,4292.66], 2, Core
[116.42417,39.94841,4394.16], 2, Core
[116.44333,39.97118,4344.68], 2, Border
[116.45887,39.94276,4012.82], 2, Core
[116.43024,39.90047,4391.15], 2, Core
[116.43464,39.89786,4390.81], 2, Core
[116.45514,39.90361,4024.88], 2, Border
[116.48872,39.96184,4005.43], 2, Border
[116.40433,39.94796,4295.67], 2, Core
[116.46396,39.99133,4338.64], 2, Border
[116.44847,39.979,4347.69], 2, Border
[116.47838,39.95548,4008.45], 2, Border
[116.37855,39.88721,4044.65], 2, Border
[116.38173,39.86434,4277.57], 2, Core
[116.45887,39.94276,4011.47], 2, Core
[116.45286,39.98352,4332.61], 2, Border
[116.38343,39.86935,4278.32], 2, Core
[116.46177,39.88019,4027.9], 2, Border
[116.47097,39.97674,4120.05], 2, Border
[116.4554,39.88469,3946.46], 2, Border
[116.39594,39.96863,3964.55], 2, Border
[116.40366,39.98177,3960.19], 2, Border
[116.39573,39.97373,3966.22], 2, Border
[116.47841,39.97461,3990.35], 2, Border
[116.39782,39.97384,3961.54], 2, Border
[116.43316,39.98033,3952.5], 2, Border
[116.45768,39.97357,3970.59], 2, Border
[116.51053,40.01257,3973.6], 2, Border
[116.41444,39.98213,3958.52], 2, Border
[116.48366,39.97878,3993.37], 2, Border
[116.46079,39.88052,3945.11], 2, Border
[116.45801,39.88061,3943.45], 2, Border
[116.43004,39.98775,3969.23], 2, Border
[116.43115,39.98633,3954.16], 2, Border
[116.48738,39.99187,3987.33], 2, Border
[116.45566,39.93834,3949.48], 2, Border
[116.45773,40.00276,3999.4], 2, Border
[116.42341,39.98212,3957.17], 2, Border
[116.40109,39.97399,3963.2], 2, Border
[116.47689,39.98293,3994.72], 2, Border
[116.45572,39.91279,3948.13], 2, Border
[116.46814,39.98886,3996.38], 2, Border
[116.43027,39.98671,3955.5], 2, Border
[116.50249,40.00557,3984.32], 2, Border
[116.49157,39.99571,3985.67], 2, Border
[116.48401,39.98859,3972.25], 2, Border
[116.43689,39.96398,3951.15], 2, Border
[116.46199,39.99559,3997.73], 2, Border
[116.4835,39.98101,3988.68], 2, Border
[116.49339,39.97406,3991.7], 2, Border
[116.40124,39.98004,3967.57], 2, Border
[116.49705,39.90693,603.31], 3, Core
[116.43653,39.90566,609.31], 3, Core
[116.45075,39.87495,615.31], 3, Core
[116.45551,39.88319,621.31], 3, Core
[116.4592,39.90698,600.43], 3, Core
[116.4729,39.90691,601.49], 3, Core
[116.47194,39.90773,603.45], 3, Core
[116.46939,39.91241,604.51], 3, Core
[116.4633,39.91104,606.46], 3, Core
[116.45628,39.90733,607.53], 3, Core
[116.45507,39.90035,609.63], 3, Core
[116.45026,39.89618,610.54], 3, Core
[116.45493,39.88665,612.5], 3, Core
[116.44329,39.88332,615.51], 3, Core
[116.44518,39.88322,616.58], 3, Core
[116.45487,39.87304,618.53], 3, Core
[116.44755,39.86101,619.59], 3, Core
[116.46603,39.84263,621.55], 3, Core
[116.45762,39.84091,622.61], 3, Core
[116.46164,39.83995,624.56], 3, Core
[116.45883,39.84971,625.63], 3, Core
[116.45529,39.89037,630.6], 3, Core
[116.45551,39.89887,631.66], 3, Core
[116.4705,39.90674,633.61], 3, Core
[116.48245,39.90531,634.68], 3, Core
[116.48978,39.90706,636.63], 3, Core
[116.48064,39.90731,637.69], 3, Core
[116.47216,39.92131,642.66], 3, Core
[116.4722,39.92752,643.73], 3, Core
[116.46306,39.9325,645.68], 3, Core
[116.45658,39.93254,646.74], 3, Core
[116.44946,39.93247,648.7], 3, Core
[116.42925,39.93241,651.71], 3, Core
[116.42789,39.93279,652.78], 3, Core
[116.41963,39.93871,654.73], 3, Core
[116.43019,39.93909,655.79], 3, Core
[116.4301,39.93849,657.74], 3, Core
[116.43786,39.93983,658.81], 3, Core
[116.43272,39.94208,660.76], 3, Core
[116.43663,39.9462,661.83], 3, Core
[116.44416,39.93572,663.77], 3, Core
[116.44395,39.92603,664.83], 3, Core
[116.444,39.92027,666.78], 3, Core
[116.44382,39.90957,667.85], 3, Core
[116.45476,39.9064,669.8], 3, Core
[116.45507,39.90327,670.87], 3, Core
[116.44961,39.89204,672.82], 3, Core
[116.44961,39.89204,672.82], 3, Core
[116.45007,39.88609,673.88], 3, Core
[116.45479,39.88098,675.83], 3, Core
[116.45468,39.87086,676.9], 3, Core
[116.4581,39.88069,678.85], 3, Core
[116.4581,39.88069,679.92], 3, Core
[116.45774,39.88114,776.68], 3, Core
[116.45777,39.88113,777.13], 3, Core
[116.45535,39.87985,780.15], 3, Core
[116.45535,39.87985,780.15], 3, Core
[116.45009,39.87489,782.71], 3, Core
[116.4493,39.87489,783.16], 3, Core
[116.4422,39.86768,785.73], 3, Core
[116.43265,39.8645,788.75], 3, Core
[116.43265,39.8645,788.75], 3, Core
[116.42973,39.86456,789.2], 3, Core
[116.42206,39.86437,791.76], 3, Core
[116.42148,39.86435,792.21], 3, Core
[116.41733,39.85662,794.78], 3, Core
[116.41709,39.85655,795.23], 3, Core
[116.37903,39.85568,797.8], 3, Core
[116.36955,39.85575,798.25], 3, Core
[116.35677,39.84458,800.81], 3, Core
[116.35567,39.84455,801.26], 3, Core
[116.37281,39.85546,803.83], 3, Core
[116.37858,39.8555,804.28], 3, Core
[116.4029,39.85546,806.85], 3, Core
[116.40499,39.85558,807.3], 3, Core
[116.40784,39.85732,809.86], 3, Core
[116.40805,39.86057,810.31], 3, Core
[116.41288,39.86219,812.88], 3, Core
[116.41276,39.86362,813.33], 3, Core
[116.41529,39.86824,815.9], 3, Core
[116.41498,39.87527,816.35], 3, Core
[116.42508,39.88277,818.91], 3, Core
[116.42516,39.88352,819.36], 3, Core
[116.44348,39.89215,822.38], 3, Core
[116.45,39.88428,824.95], 3, Core
[116.45,39.88428,825.4], 3, Core
[116.43036,39.88307,827.96], 3, Core
[116.42606,39.88291,828.41], 3, Core
[116.40725,39.887,830.98], 3, Core
[116.40384,39.8869,831.43], 3, Core
[116.39278,39.88513,834.0], 3, Core
[116.39234,39.88317,834.45], 3, Core
[116.39263,39.87991,837.01], 3, Core
[116.39266,39.87974,837.46], 3, Core
[116.40605,39.88689,840.03], 3, Core
[116.40927,39.88694,840.48], 3, Core
[116.42045,39.89209,843.05], 3, Core
[116.42095,39.8921,843.5], 3, Core
[116.42408,39.89604,846.06], 3, Core
[116.42465,39.89434,846.51], 3, Core
[116.42138,39.89586,849.08], 3, Core
[116.42106,39.89847,849.53], 3, Core
[116.4126,39.89979,852.1], 3, Core
[116.40954,39.89973,852.55], 3, Core
[116.40075,39.89985,855.11], 3, Core
[116.4007,39.90045,855.56], 3, Core
[116.40081,39.90317,858.13], 3, Core
[116.40076,39.90422,858.58], 3, Core
[116.40062,39.90955,861.15], 3, Core
[116.40063,39.91134,861.59], 3, Core
[116.39643,39.92064,864.16], 3, Core
[116.39643,39.92064,864.16], 3, Core
[116.39359,39.92208,864.61], 3, Core
[116.38751,39.92215,867.18], 3, Core
[116.38752,39.92215,867.63], 3, Core
[116.38529,39.91142,870.19], 3, Core
[116.38529,39.91142,870.64], 3, Core
[116.38554,39.9082,873.21], 3, Core
[116.38562,39.90693,873.66], 3, Core
[116.38544,39.89958,876.22], 3, Core
[116.38042,39.89887,876.67], 3, Core
[116.37216,39.89858,879.23], 3, Core
[116.37216,39.89858,879.69], 3, Core
[116.3613,39.89832,882.25], 3, Core
[116.35683,39.89817,882.7], 3, Core
[116.34639,39.89666,885.27], 3, Core
[116.34581,39.89657,885.72], 3, Core
[116.34182,39.89649,888.28], 3, Core
[116.34121,39.89652,888.73], 3, Core
[116.33727,39.89647,891.3], 3, Border
[116.33681,39.89644,891.75], 3, Border
[116.33379,39.89627,894.32], 3, Border
[116.33059,39.89606,894.77], 3, Border
[116.31848,39.89575,897.33], 3, Border
[116.30135,39.89587,900.35], 3, Border
[116.29783,39.89589,900.8], 3, Border
[116.29161,39.88829,903.37], 3, Border
[116.29447,39.88831,903.82], 3, Border
[116.30396,39.8871,906.38], 3, Border
[116.30336,39.88409,906.83], 3, Border
[116.3007,39.88048,909.4], 3, Border
[116.3001,39.88108,909.85], 3, Border
[116.31057,39.88528,912.42], 3, Border
[116.32394,39.88856,915.43], 3, Border
[116.32914,39.88858,915.88], 3, Border
[116.35045,39.88828,918.45], 3, Core
[116.35148,39.88805,918.9], 3, Core
[116.35982,39.88786,921.47], 3, Core
[116.36321,39.88786,921.92], 3, Core
[116.36853,39.89449,924.48], 3, Core
[116.36869,39.89501,924.93], 3, Core
[116.3821,39.89877,927.5], 3, Core
[116.38329,39.89887,927.95], 3, Core
[116.38329,39.89887,927.95], 3, Core
[116.39823,39.89927,930.52], 3, Core
[116.40395,39.89944,930.97], 3, Core
[116.41199,39.89965,933.53], 3, Core
[116.41253,39.89958,933.98], 3, Core
[116.4323,39.89852,936.55], 3, Core
[116.43008,39.9029,937.0], 3, Core
[116.4279,39.93427,940.02], 3, Core
[116.43447,39.94806,942.58], 3, Core
[116.44342,39.95193,943.03], 3, Core
[116.44115,39.96143,945.6], 3, Border
[116.4405,39.96185,946.05], 3, Border
[116.42271,39.96838,948.62], 3, Border
[116.44078,39.96097,951.63], 3, Border
[116.44404,39.95888,952.08], 3, Core
[116.45532,39.9446,954.65], 3, Core
[116.45527,39.94107,955.1], 3, Core
[116.45526,39.92951,957.67], 3, Core
[116.45523,39.92641,958.11], 3, Core
[116.44417,39.91646,960.68], 3, Core
[116.44414,39.91264,961.13], 3, Core
[116.455,39.90572,963.7], 3, Core
[116.45492,39.90179,964.15], 3, Core
[116.45992,39.89203,966.72], 3, Core
[116.4655,39.89202,967.16], 3, Core
[116.48597,39.8918,969.73], 3, Border
[116.49152,39.89181,970.18], 3, Border
[116.49861,39.89401,972.75], 3, Border
[116.49651,39.89207,973.2], 3, Border
[116.47166,39.89197,975.76], 3, Core
[116.47166,39.89197,976.21], 3, Core
[116.47108,39.88967,978.78], 3, Core
[116.47119,39.88537,979.23], 3, Core
[116.4594,39.88062,981.8], 3, Core
[116.45852,39.88121,982.25], 3, Core
[116.45774,39.88118,983.45], 3, Core
[116.45765,39.88121,986.52], 3, Core
[116.45765,39.88121,986.52], 3, Core
[116.45765,39.88121,986.52], 3, Core
[116.45765,39.88121,986.52], 3, Core
[116.45765,39.88121,986.52], 3, Core
[116.45765,39.88121,986.52], 3, Core
[116.45765,39.88121,986.52], 3, Core
[116.45765,39.88121,986.52], 3, Core
[116.45765,39.88121,986.52], 3, Core
[116.45765,39.88121,986.52], 3, Core
[116.45765,39.88121,986.52], 3, Core
[116.45765,39.88121,986.52], 3, Core
[116.45765,39.88121,986.52], 3, Core
[116.45765,39.88121,986.52], 3, Core
[116.45765,39.88121,986.52], 3, Core
[116.54256,39.91501,591.31], 3, Border
[116.39044,39.88958,553.19], 3, Border
[116.4496,39.89045,547.17], 3, Border
[116.37018,39.88805,556.21], 3, Border
[116.36677,39.88798,556.86], 3, Border
[116.34712,39.89642,562.89], 3, Border
[116.40989,39.89163,550.83], 3, Core
[116.45525,39.90946,541.78], 3, Border
[116.45355,39.95317,501.92], 3, Border
[116.45677,39.96421,535.1], 3, Border
[116.45552,39.90032,498.91], 3, Border
[116.42634,39.89217,487.62], 3, Core
[116.348,39.88842,569.18], 3, Border
[116.39472,39.89339,577.97], 3, Border
[116.34872,39.89664,565.91], 3, Border
[116.44474,39.87063,493.52], 3, Border
[116.41917,39.9035,481.45], 3, Core
[116.45525,39.88639,598.48], 3, Core
[116.36549,39.88785,571.94], 3, Border
[116.44935,39.88321,489.86], 3, Border
[116.45531,39.91317,541.14], 3, Border
[116.45465,39.87202,495.89], 3, Border
[116.3941,39.89727,580.34], 3, Border
[116.4949,39.99839,504.94], 3, Border
[116.42931,39.89543,484.47], 3, Core
[116.45208,39.89665,544.86], 3, Border
[116.41905,39.89601,486.84], 3, Core
[116.35042,39.89179,568.28], 3, Border
[116.43249,39.89679,483.82], 3, Core
[116.41398,39.90013,480.81], 3, Core
[116.37774,39.88798,574.31], 3, Border
[116.43982,39.87955,477.79], 3, Border
[116.51629,39.90905,597.3], 3, Border
[116.51167,39.92152,3477.84], 4, Border
[116.51127,39.93078,3483.83], 4, Border
[116.50382,39.90692,3489.83], 4, Border
[116.35724,39.88826,3400.26], 4, Core
[116.35885,39.88797,3402.53], 4, Core
[116.35387,39.88818,3403.28], 4, Core
[116.36111,39.88785,3405.55], 4, Core
[116.36626,39.88785,3406.29], 4, Core
[116.36816,39.8886,3408.56], 4, Core
[116.39225,39.88759,3411.58], 4, Core
[116.39235,39.88508,3412.33], 4, Core
[116.39469,39.87542,3414.6], 4, Core
[116.39512,39.87785,3415.34], 4, Core
[116.40135,39.88864,3417.61], 4, Core
[116.35325,39.84442,3418.36], 4, Border
[116.35325,39.84442,3418.36], 4, Border
[116.42303,39.89209,3420.63], 4, Core
[116.43632,39.8923,3421.38], 4, Core
[116.44993,39.88124,3423.65], 4, Core
[116.44902,39.87217,3426.66], 4, Core
[116.44827,39.8614,3429.68], 4, Core
[116.43333,39.85764,3430.43], 4, Core
[116.40772,39.85248,3432.69], 4, Core
[116.41061,39.85165,3433.44], 4, Core
[116.41754,39.85606,3435.71], 4, Core
[116.42478,39.85738,3436.46], 4, Core
[116.42478,39.85738,3436.46], 4, Core
[116.42324,39.8644,3438.73], 4, Core
[116.42516,39.86949,3439.47], 4, Core
[116.44987,39.87503,3441.74], 4, Core
[116.44985,39.87786,3442.49], 4, Core
[116.45518,39.87158,3444.76], 4, Core
[116.45529,39.88058,3445.51], 4, Core
[116.46148,39.88318,3447.78], 4, Core
[116.45556,39.8832,3448.52], 4, Core
[116.44099,39.8833,3450.79], 4, Core
[116.43826,39.89089,3451.54], 4, Core
[116.42114,39.9071,3453.81], 4, Core
[116.41216,39.90702,3454.56], 4, Core
[116.40999,39.9092,3456.83], 4, Core
[116.40999,39.9092,3456.83], 4, Core
[116.41166,39.90955,3457.57], 4, Core
[116.4143,39.92298,3459.84], 4, Core
[116.42654,39.92303,3460.59], 4, Core
[116.42792,39.94534,3462.86], 4, Core
[116.42559,39.94827,3463.61], 4, Border
[116.43791,39.93969,3465.88], 4, Core
[116.43753,39.9356,3466.62], 4, Core
[116.43755,39.92648,3468.89], 4, Core
[116.4319,39.93239,3469.64], 4, Core
[116.41918,39.93966,3471.91], 4, Core
[116.41075,39.93956,3472.66], 4, Core
[116.39928,39.93945,3474.93], 4, Border
[116.4035,39.93942,3475.67], 4, Border
[116.40193,39.95221,3477.94], 4, Border
[116.40181,39.9579,3478.69], 4, Border
[116.40145,39.97363,3480.96], 4, Border
[116.40135,39.98086,3481.71], 4, Border
[116.41107,39.99458,3483.98], 4, Border
[116.41359,39.99438,3484.72], 4, Border
[116.41781,39.98772,3486.99], 4, Border
[116.42954,39.98766,3487.74], 4, Border
[116.42879,39.96798,3490.01], 4, Border
[116.43725,39.96342,3490.76], 4, Border
[116.45543,39.9322,3493.03], 4, Core
[116.45548,39.9224,3493.77], 4, Core
[116.46121,39.92813,3496.04], 4, Core
[116.47005,39.9269,3499.81], 4, Border
[116.47016,39.92677,3501.89], 4, Border
[116.45607,39.9275,3632.46], 4, Border
[116.45579,39.92845,3632.59], 4, Border
[116.45524,39.89248,3635.48], 4, Border
[116.45523,39.89042,3635.6], 4, Border
[116.46261,39.84992,3638.5], 4, Border
[116.46466,39.84804,3638.62], 4, Border
[116.47442,39.82442,3641.51], 4, Border
[116.4759,39.82297,3641.64], 4, Border
[116.49205,39.8061,3644.53], 4, Border
[116.4932,39.8047,3644.65], 4, Border
[116.46615,39.86807,3674.7], 4, Border
[116.46619,39.86911,3674.82], 4, Border
[116.45901,39.88087,3677.71], 4, Border
[116.45789,39.88096,3680.13], 4, Border
[116.45789,39.88096,3680.13], 4, Border
[116.47284,39.97043,3295.65], 4, Border
[116.34691,39.92226,3241.92], 4, Border
[116.45868,39.88097,3352.0], 4, Core
[116.45521,39.87949,3355.01], 4, Core
[116.3427,39.89074,3385.18], 4, Border
[116.33574,39.90126,3390.46], 4, Border
[116.38868,39.87941,3263.03], 4, Core
[116.47354,39.98849,3283.66], 4, Border
[116.41487,39.8748,3212.78], 4, Core
[116.41305,39.88597,3275.09], 4, Core
[116.37116,39.88784,3258.15], 4, Core
[116.46168,39.87965,3358.03], 4, Border
[116.3423,39.84941,3382.16], 4, Border
[116.48331,39.89127,3331.65], 4, Border
[116.42589,39.85721,3307.65], 4, Core
[116.45671,39.88644,3360.3], 4, Border
[116.41422,39.88372,3211.66], 4, Core
[116.35021,39.90097,3397.24], 4, Border
[116.37426,39.91311,3203.73], 4, Core
[116.35883,39.84292,3313.65], 4, Border
[116.45533,39.8829,3224.85], 4, Core
[116.41444,39.88187,3366.33], 4, Core
[116.35724,39.88837,3399.51], 4, Border
[116.48364,39.89959,3349.65], 4, Border
[116.39183,39.88978,3208.64], 4, Core
[116.35627,39.91259,3252.11], 4, Core
[116.36797,39.8994,3255.13], 4, Core
[116.32995,39.90169,3391.21], 4, Border
[116.42793,39.93216,3229.81], 4, Core
[116.48332,39.89113,3337.65], 4, Border
[116.43397,39.85275,3218.81], 4, Core
[116.39418,39.87507,3270.2], 4, Core
[116.39468,39.8855,3272.08], 4, Core
[116.34938,39.93575,3240.05], 4, Border
[116.33928,39.90175,3388.19], 4, Border
[116.41132,39.85593,3370.09], 4, Border
[116.43543,39.85263,3217.69], 4, Core
[116.42992,39.90361,3227.86], 4, Core
[116.35303,39.90771,3250.97], 4, Core
[116.48335,39.89111,3343.65], 4, Border
[116.34283,39.88058,3384.43], 4, Border
[116.33743,39.92674,3244.94], 4, Border
[116.35786,39.85344,3381.41], 4, Border
[116.38594,39.86986,3269.06], 4, Core
[116.35138,39.911,3249.1], 4, Border
[116.43242,39.88301,3364.06], 4, Border
[116.39408,39.94774,3232.77], 4, Border
[116.40834,39.84695,3372.36], 4, Border
[116.33866,39.91806,3246.08], 4, Border
[116.40804,39.85515,3378.4], 4, Border
[116.41554,39.86099,3369.35], 4, Border
[116.4018,39.89127,3209.76], 4, Core
[116.4513,39.86353,3220.71], 4, Core
[116.41445,39.88003,3367.08], 4, Core
[116.41587,39.85668,3214.67], 4, Core
[116.40567,39.85579,3379.14], 4, Border
[116.33625,39.90014,3387.45], 4, Border
[116.34631,39.90541,3396.5], 4, Border
[116.37906,39.88024,3260.01], 4, Core
[116.48347,39.91296,3301.65], 4, Border
[116.38761,39.86261,3267.19], 4, Core
[116.40957,39.84587,3373.11], 4, Border
[116.36781,39.90616,3253.99], 4, Core
[116.41448,39.88321,3276.24], 4, Core
[116.39132,39.87561,3264.17], 4, Core
[116.32291,39.8998,3393.48], 4, Border
[116.43821,39.89091,3226.74], 4, Core
[116.40385,39.89119,3273.22], 4, Core
[116.42672,39.88277,3278.11], 4, Core
[116.46168,39.87965,3357.28], 4, Border
[116.45559,39.88979,3361.04], 4, Border
[116.37558,39.9119,3202.61], 4, Core
[116.36818,39.8893,3257.0], 4, Core
[116.47272,39.99651,3289.65], 4, Border
[116.46671,39.86658,3325.65], 4, Core
[116.36291,39.91675,3200.71], 4, Core
[116.32279,39.90512,3394.23], 4, Border
[116.38051,39.88195,3261.15], 4, Core
[116.43182,39.85737,3215.8], 4, Core
[116.51238,39.91654,3355.65], 4, Border
[116.41487,39.85573,3319.65], 4, Core
[116.38486,39.89887,3206.75], 4, Core
[116.40834,39.8502,3376.13], 4, Border
[116.45512,39.8792,3223.72], 4, Core
[116.33233,39.92192,3243.06], 4, Border
[116.37777,39.90277,3205.62], 4, Core
[116.42756,39.94623,3230.88], 4, Core
[116.44084,39.8832,3363.31], 4, Core
[116.45961,39.87489,3354.27], 4, Core
[116.49721,39.93482,3176.58], 4, Border
[116.46957,39.89216,3116.25], 4, Border
[116.37582,39.90916,3092.68], 4, Border
[116.50039,39.93588,3169.42], 4, Border
[116.44047,39.88314,3161.5], 4, Core
[116.5082,39.79828,3142.28], 4, Border
[116.4839,39.91906,3167.53], 4, Core
[116.49284,39.93422,3184.51], 4, Border
[116.49721,39.93482,3175.46], 4, Border
[116.42847,39.92032,3083.34], 4, Core
[116.3653,39.93349,3089.38], 4, Border
[116.37549,39.91288,3092.39], 4, Border
[116.32271,39.89557,3101.73], 4, Border
[116.36645,39.9335,3089.66], 4, Border
[116.39877,39.93219,3086.36], 4, Core
[116.35751,39.92245,3197.7], 4, Border
[116.49721,39.93482,3178.47], 4, Border
[116.45211,39.89666,3119.26], 4, Core
[116.49721,39.93482,3179.6], 4, Border
[116.41264,39.8879,3127.19], 4, Core
[116.49717,39.93478,3173.56], 4, Border
[116.49077,39.80799,3145.29], 4, Border
[116.42207,39.94836,3191.66], 4, Core
[116.44457,39.87872,3157.36], 4, Core
[116.35549,39.94408,3194.68], 4, Border
[116.43631,39.85748,3131.33], 4, Border
[116.45005,39.88251,3160.37], 4, Core
[116.41457,39.87979,3128.31], 4, Core
[116.49723,39.93479,3182.61], 4, Border
[116.49706,39.93468,3172.44], 4, Border
[116.37914,39.94755,3193.56], 4, Border
[116.34979,39.8977,3095.69], 4, Border
[116.4408,39.88348,3080.61], 4, Core
[116.50198,39.93539,3170.55], 4, Border
[116.41053,39.90007,3124.18], 4, Core
[116.46032,39.88057,3074.58], 4, Border
[116.41589,39.85657,3130.21], 4, Border
[116.35845,39.91748,3199.59], 4, Core
[116.44985,39.87445,3154.34], 4, Core
[116.42775,39.93656,3190.54], 4, Core
[116.45497,39.86992,3152.45], 4, Core
[116.45001,39.88212,3077.59], 4, Core
[116.40541,39.90085,3125.3], 4, Core
[116.46443,39.86662,3151.33], 4, Core
[116.42827,39.92556,3083.63], 4, Core
[116.45079,39.88039,3077.31], 4, Core
[116.45408,39.88309,3163.39], 4, Core
[116.42149,39.8993,3122.28], 4, Core
[116.45533,39.8964,3164.51], 4, Core
[116.43685,39.89735,3121.16], 4, Core
[116.44459,39.87547,3158.48], 4, Core
[116.45561,39.89505,3118.14], 4, Core
[116.44535,39.88342,3080.33], 4, Core
[116.47759,39.8449,3148.31], 4, Border
[116.51523,39.91522,3162.39], 4, Border
[116.45892,39.88097,3074.29], 4, Core
[116.32144,39.89557,3101.44], 4, Border
[116.34948,39.92116,3196.57], 4, Border
[116.3937,39.93215,3086.64], 4, Core
[116.49295,39.82252,3134.35], 4, Border
[116.47741,39.84824,3149.43], 4, Border
[116.44847,39.93245,3188.65], 4, Core
[116.47235,39.84073,3133.23], 4, Border
[116.49723,39.93479,3181.49], 4, Border
[116.4755,39.82357,3146.41], 4, Border
[116.35042,39.9015,3095.41], 4, Border
[116.45002,39.88004,3155.46], 4, Core
[116.48233,39.9068,3166.41], 4, Core
[116.51172,39.92123,-113.3], 5, Core
[116.51135,39.93883,-107.3], 5, Core
[116.51135,39.93883,-107.3], 5, Core
[116.51627,39.91034,-101.3], 5, Core
[116.47186,39.91248,-95.3], 5, Core
[116.47217,39.92498,-89.3], 5, Core
[116.47179,39.90718,-83.3], 5, Core
[116.45617,39.90531,-77.3], 5, Core
[116.47191,39.90577,-62.74], 5, Core
[116.50661,39.9145,-56.74], 5, Core
[116.49625,39.9146,63.36], 5, Core
[116.50962,39.91071,69.35], 5, Core
[116.52231,39.91588,75.35], 5, Core
[116.52231,39.91588,75.35], 5, Core
[116.56444,39.91445,81.35], 5, Border
[116.59512,39.90798,87.35], 5, Border
[116.36422,39.88781,-186.66], 5, Border
[116.37481,39.88782,-184.62], 5, Border
[116.37677,39.88791,-183.65], 5, Border
[116.38033,39.88795,-181.6], 5, Border
[116.39392,39.89014,-180.63], 5, Border
[116.41149,39.89152,-178.58], 5, Core
[116.42105,39.89194,-177.61], 5, Core
[116.4215,39.89823,-175.57], 5, Core
[116.4215,39.89902,-174.6], 5, Core
[116.42972,39.90726,-172.55], 5, Core
[116.4302,39.91176,-171.58], 5, Core
[116.44396,39.908,-169.53], 5, Core
[116.4441,39.90807,-168.56], 5, Core
[116.4441,39.90807,-168.56], 5, Core
[116.45478,39.90392,-165.55], 5, Core
[116.4551,39.88981,-163.5], 5, Core
[116.45485,39.88333,-162.53], 5, Core
[116.46018,39.88052,-160.48], 5, Core
[116.4578,39.88109,-159.51], 5, Core
[116.4578,39.88109,-159.51], 5, Core
[116.45848,39.88104,-97.53], 5, Core
[116.45851,39.88104,-97.08], 5, Core
[116.4554,39.87517,-94.51], 5, Core
[116.45531,39.8785,-94.06], 5, Core
[116.4554,39.88053,-91.5], 5, Core
[116.4554,39.88053,-91.05], 5, Core
[116.4554,39.88053,-88.48], 5, Core
[116.4554,39.88053,-88.03], 5, Core
[116.45478,39.86868,-85.46], 5, Core
[116.45445,39.8669,-85.01], 5, Core
[116.46708,39.84569,-82.0], 5, Core
[116.42174,39.83097,-79.43], 5, Core
[116.41076,39.83099,-78.98], 5, Core
[116.39512,39.82268,-76.41], 5, Border
[116.39516,39.822,-75.96], 5, Border
[116.39601,39.80646,-73.4], 5, Border
[116.39626,39.80351,-72.95], 5, Border
[116.39229,39.7915,-70.38], 5, Border
[116.39145,39.7899,-69.93], 5, Border
[116.38921,39.80046,-66.91], 5, Border
[116.39642,39.81015,-64.35], 5, Border
[116.39631,39.81256,-63.9], 5, Border
[116.39534,39.82989,-61.33], 5, Border
[116.39496,39.8369,-60.88], 5, Border
[116.39496,39.8369,-60.88], 5, Border
[116.39413,39.85653,-58.31], 5, Core
[116.39436,39.86041,-57.86], 5, Core
[116.40309,39.8706,-55.3], 5, Core
[116.40728,39.87071,-54.85], 5, Core
[116.41766,39.88249,-52.28], 5, Core
[116.42362,39.88947,-49.26], 5, Core
[116.42362,39.88947,-49.26], 5, Core
[116.42337,39.89197,-48.81], 5, Core
[116.44966,39.89159,-46.26], 5, Core
[116.4496,39.88832,-45.81], 5, Core
[116.44944,39.88326,-43.24], 5, Core
[116.45427,39.88317,-42.79], 5, Core
[116.45908,39.89218,-40.22], 5, Core
[116.46095,39.89218,-39.77], 5, Core
[116.4665,39.89566,-37.21], 5, Core
[116.46405,39.89599,-36.76], 5, Core
[116.46787,39.89231,-34.19], 5, Core
[116.46735,39.89222,-33.74], 5, Core
[116.48135,39.8918,-31.17], 5, Core
[116.48337,39.8905,-30.72], 5, Core
[116.48106,39.86022,-28.16], 5, Core
[116.47973,39.8525,-27.71], 5, Core
[116.48377,39.84951,-25.14], 5, Core
[116.3943,39.84951,-25.13], 5, Core
[116.48377,39.84951,-24.69], 5, Core
[116.48237,39.86544,-21.67], 5, Core
[116.45787,39.86674,-19.11], 5, Core
[116.45267,39.88377,-15.64], 5, Core
[116.45834,39.88306,-13.07], 5, Core
[116.46013,39.88304,-12.63], 5, Core
[116.49143,39.8777,-10.06], 5, Core
[116.49386,39.87645,-9.61], 5, Core
[116.50426,39.86591,-7.04], 5, Core
[116.5042,39.86504,-6.59], 5, Core
[116.50403,39.86164,-4.02], 5, Core
[116.50251,39.86249,-3.58], 5, Core
[116.49526,39.87583,-1.01], 5, Core
[116.49155,39.87773,-0.56], 5, Core
[116.4683,39.88307,2.01], 5, Core
[116.46616,39.8831,2.46], 5, Core
[116.45629,39.88071,5.02], 5, Core
[116.4554,39.8807,5.47], 5, Core
[116.4553,39.88958,8.04], 5, Core
[116.45538,39.89094,8.49], 5, Core
[116.45645,39.89955,11.06], 5, Core
[116.45626,39.9052,14.07], 5, Core
[116.44961,39.90748,17.09], 5, Core
[116.4472,39.90833,17.54], 5, Core
[116.44434,39.91649,20.11], 5, Core
[116.44419,39.92078,20.56], 5, Core
[116.44429,39.93023,23.12], 5, Core
[116.4443,39.93021,23.57], 5, Core
[116.44921,39.92884,26.14], 5, Core
[116.44921,39.92884,26.14], 5, Core
[116.44922,39.92884,26.59], 5, Core
[116.44047,39.92559,29.16], 5, Core
[116.4399,39.92429,29.61], 5, Core
[116.43767,39.93389,32.62], 5, Core
[116.43886,39.95017,38.21], 5, Core
[116.44442,39.9547,38.66], 5, Core
[116.44346,39.96009,41.22], 5, Core
[116.44267,39.96057,41.67], 5, Core
[116.44257,39.95988,44.24], 5, Core
[116.44503,39.95841,44.69], 5, Core
[116.45527,39.95,47.26], 5, Core
[116.45531,39.9481,47.71], 5, Core
[116.45545,39.93333,50.27], 5, Core
[116.45522,39.92895,50.72], 5, Core
[116.47176,39.92155,53.29], 5, Core
[116.4747,39.92158,53.74], 5, Core
[116.48328,39.91419,56.31], 5, Core
[116.4864,39.91411,56.76], 5, Core
[116.49844,39.91453,59.32], 5, Core
[116.49939,39.91455,59.77], 5, Core
[116.49592,39.91741,62.34], 5, Core
[116.49595,39.92055,62.79], 5, Core
[116.51118,39.9258,65.36], 5, Core
[116.50968,39.92205,65.81], 5, Core
[116.48364,39.92174,68.37], 5, Core
[116.47939,39.92168,68.82], 5, Core
[116.47851,39.90706,71.39], 5, Core
[116.47488,39.9072,71.84], 5, Core
[116.47237,39.90715,74.41], 5, Core
[116.47237,39.90716,74.86], 5, Core
[116.46638,39.90383,77.42], 5, Core
[116.45812,39.90341,77.87], 5, Core
[116.45442,39.90463,80.44], 5, Core
[116.45191,39.90524,80.89], 5, Core
[116.45105,39.90726,83.46], 5, Core
[116.45105,39.90726,83.9], 5, Core
[116.45053,39.90726,86.47], 5, Core
[116.45053,39.90726,86.92], 5, Core
[116.44439,39.91148,89.49], 5, Core
[116.44439,39.91172,89.94], 5, Core
[116.44439,39.91172,89.94], 5, Core
[116.45286,39.90672,92.51], 5, Core
[116.45423,39.9067,92.95], 5, Core
[116.44972,39.89308,95.52], 5, Core
[116.4497,39.89254,95.97], 5, Core
[116.45494,39.87676,98.53], 5, Core
[116.45474,39.86935,98.98], 5, Core
[116.45576,39.86694,101.55], 5, Core
[116.45576,39.86694,101.55], 5, Core
[116.45902,39.86664,102.6], 5, Core
[116.47056,39.87001,104.56], 5, Core
[116.47036,39.87276,105.61], 5, Core
[116.47048,39.87281,107.2], 5, Core
[116.46755,39.87021,141.41], 5, Core
[116.46168,39.8753,142.47], 5, Core
[116.45773,39.88119,144.43], 5, Core
[116.45766,39.88112,145.49], 5, Core
[116.45766,39.88112,147.44], 5, Core
[116.45753,39.88094,150.97], 5, Core
[116.45753,39.88094,150.97], 5, Core
[116.45753,39.88094,150.97], 5, Core
[116.45753,39.88094,150.97], 5, Core
[116.45753,39.88094,150.97], 5, Core
[116.45753,39.88094,150.97], 5, Core
[116.45753,39.88094,150.97], 5, Core
[116.45753,39.88094,150.97], 5, Core
[116.45753,39.88094,150.97], 5, Core
[116.45753,39.88094,150.97], 5, Core
[116.45753,39.88094,150.97], 5, Core
[116.45753,39.88094,150.97], 5, Core
[116.45753,39.88094,150.97], 5, Core
[116.45753,39.88094,150.97], 5, Core
[116.45753,39.88094,150.97], 5, Core
[116.45753,39.88094,150.97], 5, Core
[116.45753,39.88094,150.97], 5, Core
[116.45753,39.88094,150.97], 5, Core
[116.45753,39.88094,150.97], 5, Core
[116.31561,39.9311,1804.4], 6, Border
[116.3232,39.93107,1805.46], 6, Border
[116.34332,39.93102,1807.42], 6, Border
[116.34723,39.92689,1808.48], 6, Border
[116.35209,39.92238,1810.43], 6, Border
[116.35992,39.92252,1811.5], 6, Border
[116.37108,39.9219,1813.45], 6, Border
[116.37843,39.92109,1814.51], 6, Border
[116.39352,39.92199,1816.47], 6, Core
[116.39672,39.91392,1817.53], 6, Core
[116.41163,39.90773,1820.55], 6, Core
[116.41209,39.90198,1823.56], 6, Core
[116.41214,39.90059,1825.52], 6, Core
[116.41262,39.89466,1826.58], 6, Core
[116.41188,39.89578,1828.53], 6, Core
[116.40917,39.89231,1829.6], 6, Core
[116.38944,39.88933,1831.55], 6, Core
[116.38158,39.88828,1832.61], 6, Core
[116.39945,39.89117,1834.57], 6, Core
[116.41405,39.89164,1835.63], 6, Core
[116.43824,39.88929,1838.65], 6, Core
[116.43824,39.88929,1838.65], 6, Core
[116.44996,39.88298,1840.6], 6, Core
[116.45,39.87938,1841.66], 6, Core
[116.45314,39.88029,1849.71], 6, Core
[116.45458,39.86764,1851.36], 6, Core
[116.45433,39.86591,1852.72], 6, Core
[116.45552,39.86717,1855.74], 6, Core
[116.45552,39.86717,1857.4], 6, Core
[116.45552,39.86717,1858.76], 6, Core
[116.4555,39.86716,1860.41], 6, Core
[116.4555,39.86716,1861.77], 6, Core
[116.4555,39.86716,1861.77], 6, Core
[116.4555,39.86716,1864.79], 6, Core
[116.4555,39.86716,1866.44], 6, Core
[116.455,39.86857,1869.46], 6, Core
[116.45872,39.88076,1870.82], 6, Core
[116.47511,39.91397,1682.03], 6, Core
[116.4556,39.89778,1662.15], 6, Core
[116.45156,39.86364,1748.16], 6, Core
[116.45174,39.90764,1757.2], 6, Core
[116.43253,39.9326,1774.23], 6, Core
[116.43933,39.85697,1747.09], 6, Core
[116.44052,39.88039,1708.94], 6, Core
[116.35982,39.94546,1786.3], 6, Border
[116.4413,39.87468,1668.33], 6, Core
[116.44611,39.93232,1768.2], 6, Core
[116.43611,39.85737,1741.06], 6, Core
[116.44434,39.93101,1766.25], 6, Core
[116.44252,39.87478,1668.19], 6, Core
[116.37293,39.94758,1783.28], 6, Border
[116.44466,39.88082,1701.85], 6, Core
[116.47144,39.89943,1622.29], 6, Core
[116.42598,39.8645,1717.99], 6, Core
[116.45213,39.89586,1693.86], 6, Core
[116.44998,39.87957,1705.93], 6, Core
[116.45526,39.88052,1674.22], 6, Core
[116.32508,39.93711,1793.4], 6, Border
[116.42559,39.86027,1736.09], 6, Core
[116.45552,39.88439,1659.14], 6, Core
[116.46197,39.88311,1625.3], 6, Core
[116.43234,39.85921,1724.03], 6, Core
[116.45006,39.87926,1656.12], 6, Core
[116.42837,39.93287,1775.3], 6, Core
[116.45774,39.88105,1628.12], 6, Core
[116.44949,39.88722,1665.17], 6, Core
[116.3301,39.93692,1792.33], 6, Border
[116.44533,39.88034,1707.88], 6, Core
[116.42791,39.8646,1716.93], 6, Core
[116.45478,39.87959,1671.2], 6, Core
[116.43082,39.87996,1710.9], 6, Core
[116.47105,39.88386,1623.85], 6, Core
[116.43266,39.86545,1713.91], 6, Core
[116.46485,39.89223,1689.78], 6, Core
[116.43164,39.86111,1722.96], 6, Core
[116.44464,39.87645,1702.91], 6, Core
[116.44707,39.85359,1727.04], 6, Core
[116.44967,39.88637,1665.31], 6, Core
[116.45474,39.87764,1671.35], 6, Core
[116.4201,39.9144,1616.25], 6, Core
[116.44864,39.85186,1729.0], 6, Core
[116.41369,39.91558,1614.8], 6, Core
[116.42585,39.8581,1735.03], 6, Core
[116.43923,39.85078,1742.13], 6, Core
[116.43061,39.86457,1714.98], 6, Core
[116.44429,39.92961,1763.23], 6, Core
[116.43354,39.85778,1732.01], 6, Core
[116.42438,39.86332,1719.95], 6, Core
[116.4491,39.92646,1769.27], 6, Core
[116.45601,39.8807,1653.25], 6, Core
[116.44439,39.85714,1730.06], 6, Core
[116.36991,39.94758,1784.35], 6, Border
[116.38896,39.94768,1780.27], 6, Border
[116.51175,39.9155,1688.03], 6, Border
[116.44953,39.87492,1704.86], 6, Core
[116.45601,39.8807,1653.1], 6, Core
[116.43116,39.87658,1711.96], 6, Core
[116.45565,39.90723,1756.13], 6, Core
[116.4409,39.8428,1745.14], 6, Core
[116.35242,39.94331,1789.32], 6, Border
[116.38288,39.94764,1781.33], 6, Border
[116.452,39.89769,1696.88], 6, Core
[116.44324,39.89803,1695.81], 6, Core
[116.45208,39.91211,1759.15], 6, Core
[116.45765,39.88112,1626.86], 6, Core
[116.45581,39.89838,1662.3], 6, Core
[116.46176,39.86961,1751.17], 6, Core
[116.44994,39.88326,1699.89], 6, Core
[116.42898,39.91092,1617.81], 6, Core
[116.43029,39.90205,1619.27], 6, Core
[116.35608,39.94432,1787.36], 6, Border
[116.51672,39.90887,1694.03], 6, Border
[116.42703,39.85754,1733.08], 6, Core
[116.45377,39.89264,1692.8], 6, Core
[116.45849,39.90324,1620.83], 6, Core
[116.46165,39.86874,1750.11], 6, Core
[116.45402,39.88655,1698.83], 6, Core
[116.34904,39.94131,1790.38], 6, Border
[116.45535,39.88806,1753.12], 6, Core
[116.46242,39.89379,1690.84], 6, Core
[116.42692,39.86461,1738.05], 6, Core
[116.42734,39.9469,1777.25], 6, Border
[116.45173,39.91528,1760.22], 6, Core
[116.45529,39.88893,1687.83], 6, Core
[116.45579,39.90076,1754.18], 6, Core
[116.45526,39.88112,1674.36], 6, Core
[116.44324,39.85727,1725.98], 6, Core
[116.42504,39.86096,1721.01], 6, Core
[116.44432,39.93033,1765.18], 6, Core
[116.41185,39.89968,1431.26], 6, Core
[116.31528,39.90425,1540.79], 6, Border
[116.42135,39.894,1445.27], 6, Core
[116.44959,39.8893,1455.39], 6, Core
[116.35031,39.90114,1486.49], 6, Core
[116.35717,39.89246,1413.16], 6, Core
[116.37808,39.89797,1424.16], 6, Core
[116.37724,39.88803,1421.14], 6, Core
[116.3567,39.89791,1550.38], 6, Core
[116.42036,39.89922,1433.21], 6, Core
[116.35864,39.89865,1532.28], 6, Core
[116.33857,39.90584,1547.37], 6, Core
[116.43321,39.89225,1439.24], 6, Core
[116.41903,39.89213,1471.96], 6, Core
[116.44953,39.89028,1440.31], 6, Core
[116.41976,39.89599,1446.34], 6, Core
[116.41176,39.89577,1381.92], 6, Core
[116.37762,39.88804,1422.21], 6, Core
[116.44468,39.88244,1389.03], 6, Core
[116.45245,39.87486,1336.68], 6, Core
[116.41237,39.89577,1559.43], 6, Core
[116.37177,39.88818,1568.48], 6, Core
[116.3573,39.88521,1416.18], 6, Core
[116.42234,39.90685,1516.66], 6, Core
[116.39237,39.8901,1474.97], 6, Core
[116.38615,39.87014,1352.83], 6, Core
[116.36542,39.89839,1481.0], 6, Core
[116.43007,39.90846,1373.95], 6, Core
[116.38273,39.89883,1571.5], 6, Core
[116.3502,39.90025,1487.04], 6, Core
[116.35725,39.89022,1489.51], 6, Core
[116.4496,39.89139,1442.26], 6, Core
[116.39418,39.89894,1400.02], 6, Core
[116.40533,39.89943,1555.87], 6, Core
[116.41333,39.89998,1523.23], 6, Core
[116.50839,39.90916,1446.11], 6, Border
[116.41695,39.89609,1449.36], 6, Core
[116.41131,39.86984,1351.76], 6, Core
[116.45483,39.88315,1343.78], 6, Core
[116.41282,39.89565,1366.84], 6, Core
[116.44202,39.8924,1348.74], 6, Core
[116.5094,39.90679,1452.11], 6, Border
[116.37576,39.88175,1360.81], 6, Core
[116.4058,39.89854,1507.61], 6, Core
[116.4115,39.9158,1378.91], 6, Core
[116.31551,39.89663,1538.32], 6, Border
[116.42555,39.89928,1434.28], 6, Core
[116.34828,39.8683,1354.77], 6, Core
[116.32946,39.90539,1544.35], 6, Core
[116.42417,39.89938,1395.06], 6, Core
[116.36467,39.88791,1495.54], 6, Core
[116.44681,39.88031,1390.97], 6, Core
[116.35713,39.89743,1412.09], 6, Core
[116.39348,39.89885,1401.1], 6, Core
[116.4003,39.89934,1574.52], 6, Core
[116.40533,39.89943,1556.42], 6, Core
[116.40518,39.89951,1430.19], 6, Core
[116.42611,39.90544,1517.2], 6, Core
[116.41933,39.91564,1583.01], 6, Core
[116.45544,39.90629,1346.8], 6, Core
[116.41836,39.89592,1383.0], 6, Core
[116.38963,39.89871,1428.25], 6, Core
[116.38284,39.89905,1528.72], 6, Core
[116.40549,39.90038,1508.15], 6, Core
[116.45437,39.88314,1342.71], 6, Core
[116.40575,39.89135,1364.9], 6, Core
[116.42127,39.89536,1367.91], 6, Core
[116.33668,39.90585,1546.82], 6, Core
[116.40157,39.8995,1526.25], 6, Core
[116.44027,39.88038,1392.05], 6, Core
[116.42931,39.89215,1384.94], 6, Core
[116.35211,39.8976,1549.84], 6, Core
[116.36153,39.88612,1418.12], 6, Core
[116.40588,39.89967,1525.71], 6, Core
[116.38014,39.89865,1552.86], 6, Core
[116.35425,39.9042,1407.13], 6, Core
[116.40569,39.90358,1576.99], 6, Core
[116.41531,39.90115,1519.67], 6, Core
[116.41809,39.91581,1583.56], 6, Core
[116.35088,39.90203,1406.06], 6, Core
[116.31529,39.90557,1541.33], 6, Border
[116.36149,39.8985,1531.74], 6, Core
[116.34923,39.86654,1355.85], 6, Core
[116.37847,39.89294,1477.44], 6, Core
[116.42448,39.89222,1452.38], 6, Core
[116.31606,39.89607,1537.77], 6, Border
[116.44424,39.89215,1454.32], 6, Core
[116.41177,39.89404,1562.45], 6, Core
[116.41339,39.9,1522.69], 6, Core
[116.36628,39.88784,1496.09], 6, Core
[116.45865,39.88105,1334.73], 6, Core
[116.41521,39.91067,1580.54], 6, Core
[116.40603,39.9036,1577.53], 6, Core
[116.53787,39.915,1440.11], 6, Border
[116.35732,39.88897,1492.53], 6, Core
[116.39273,39.89023,1564.92], 6, Core
[116.32828,39.90544,1543.81], 6, Core
[116.35734,39.88863,1493.12], 6, Core
[116.38956,39.88942,1565.47], 6, Core
[116.41159,39.90707,1379.98], 6, Core
[116.4098,39.90627,1514.19], 6, Core
[116.37865,39.88822,1567.94], 6, Core
[116.33809,39.89797,1483.48], 6, Core
[116.36734,39.88781,1498.56], 6, Core
[116.42623,39.89616,1437.29], 6, Core
[116.3571,39.89842,1409.07], 6, Core
[116.44225,39.89216,1386.01], 6, Core
[116.32873,39.89632,1534.76], 6, Core
[116.38543,39.9004,1427.17], 6, Core
[116.3952,39.89039,1504.59], 6, Core
[116.40981,39.90146,1511.17], 6, Core
[116.40051,39.89111,1505.14], 6, Core
[116.33773,39.89801,1484.02], 6, Core
[116.44384,39.8833,1387.96], 6, Core
[116.40657,39.89971,1398.08], 6, Core
[116.3978,39.89118,1474.43], 6, Core
[116.44298,39.88341,1370.93], 6, Core
[116.36745,39.88769,1501.57], 6, Core
[116.41242,39.89976,1397.01], 6, Core
[116.40029,39.89935,1573.97], 6, Core
[116.36669,39.88784,1419.2], 6, Core
[116.41542,39.89587,1448.29], 6, Core
[116.43914,39.88287,1349.81], 6, Core
[116.37505,39.88789,1502.12], 6, Core
[116.36182,39.86681,1357.79], 6, Core
[116.37829,39.89497,1478.0], 6, Core
[116.45003,39.88288,1337.75], 6, Core
[116.37327,39.89847,1570.96], 6, Core
[116.36661,39.88799,1499.1], 6, Core
[116.44972,39.87491,1340.76], 6, Core
[116.3571,39.89842,1410.15], 6, Core
[116.3762,39.89873,1403.04], 6, Core
[116.44463,39.87931,1339.69], 6, Core
[116.41531,39.90115,1520.22], 6, Core
[116.36861,39.89848,1480.46], 6, Core
[116.42581,39.89374,1436.22], 6, Core
[116.43209,39.89841,1372.87], 6, Core
[116.37897,39.89889,1529.27], 6, Core
[116.43815,39.89537,1393.99], 6, Core
[116.32244,39.89604,1535.3], 6, Border
[116.36829,39.86907,1358.86], 6, Core
[116.41104,39.89554,1561.91], 6, Core
[116.4558,39.90326,1345.72], 6, Core
[116.41219,39.91058,1580.0], 6, Core
[116.38669,39.89886,1553.4], 6, Core
[116.37796,39.8999,1425.23], 6, Core
[116.40991,39.90416,1513.64], 6, Core
[116.40992,39.90138,1510.62], 6, Core
[116.3678,39.89847,1404.11], 6, Core
[116.41232,39.89609,1558.89], 6, Core
[116.38512,39.88494,1361.88], 6, Core
[116.54559,39.91474,4901.9], 7, Border
[116.45776,39.88125,4800.38], 7, Core
[116.46076,39.87487,4802.16], 7, Core
[116.45479,39.88175,4803.39], 7, Core
[116.45002,39.88378,4805.18], 7, Core
[116.45002,39.88503,4806.41], 7, Core
[116.43876,39.88784,4808.2], 7, Core
[116.43876,39.88784,4808.2], 7, Core
[116.43196,39.89971,4809.43], 7, Core
[116.41917,39.90346,4811.21], 7, Core
[116.42943,39.90361,4812.44], 7, Core
[116.42463,39.89616,4814.23], 7, Core
[116.4219,39.89228,4815.46], 7, Core
[116.43371,39.89086,4817.25], 7, Core
[116.44955,39.88931,4818.48], 7, Core
[116.45523,39.89211,4820.26], 7, Core
[116.45591,39.90473,4821.49], 7, Core
[116.47133,39.89382,4824.51], 7, Core
[116.45582,39.89221,4826.3], 7, Core
[116.45204,39.89459,4827.53], 7, Core
[116.43816,39.89535,4829.31], 7, Core
[116.42931,39.91038,4830.54], 7, Core
[116.42754,39.94229,4832.33], 7, Core
[116.44475,39.95324,4833.56], 7, Core
[116.4765,39.98179,4835.35], 7, Border
[116.4997,40.00278,4836.58], 7, Border
[116.50914,40.01155,4848.64], 7, Border
[116.48077,39.98662,4850.43], 7, Border
[116.47733,39.97448,4851.66], 7, Border
[116.47733,39.97448,4851.66], 7, Border
[116.46003,39.95883,4853.45], 7, Core
[116.45378,39.95328,4854.68], 7, Core
[116.45082,39.94714,4856.46], 7, Core
[116.45527,39.93878,4857.69], 7, Core
[116.44225,39.88344,4871.05], 7, Core
[116.44463,39.87675,4873.48], 7, Core
[116.4476,39.88023,4874.07], 7, Core
[116.45555,39.90375,4876.5], 7, Core
[116.45565,39.91432,4877.08], 7, Core
[116.45546,39.95465,4879.52], 7, Core
[116.46305,39.96147,4880.1], 7, Core
[116.48273,39.9717,4882.53], 7, Border
[116.48333,39.97133,4883.12], 7, Border
[116.4802,39.96985,4885.55], 7, Border
[116.47557,39.96983,4886.13], 7, Border
[116.45554,39.95485,4888.57], 7, Core
[116.45372,39.95324,4889.15], 7, Core
[116.44052,39.93995,4891.58], 7, Core
[116.4364,39.93997,4892.17], 7, Core
[116.4283,39.91936,4894.6], 7, Core
[116.42929,39.90914,4895.18], 7, Core
[116.42929,39.90914,4895.18], 7, Core
[116.42057,39.90393,4897.61], 7, Core
[116.42135,39.9034,4898.2], 7, Core
[116.42173,39.90341,4900.63], 7, Core
[116.42174,39.90341,4901.22], 7, Core
[116.43148,39.9025,4903.65], 7, Core
[116.42958,39.90762,4904.23], 7, Core
[116.4276,39.94788,4906.66], 7, Core
[116.44076,39.94948,4907.25], 7, Core
[116.45541,39.97645,4909.68], 7, Core
[116.45541,39.97645,4909.68], 7, Core
[116.45677,39.97782,4910.27], 7, Core
[116.46123,39.97769,4912.7], 7, Core
[116.46519,39.97471,4913.28], 7, Core
[116.45453,39.95392,4916.3], 7, Core
[116.45378,39.94771,4918.73], 7, Core
[116.45083,39.94719,4919.32], 7, Core
[116.4566,39.93234,4922.33], 7, Core
[116.47331,39.93233,4924.76], 7, Core
[116.47617,39.93215,4925.35], 7, Core
[116.4668,39.92897,4927.78], 7, Core
[116.4668,39.92897,4928.36], 7, Core
[116.45617,39.92201,4930.8], 7, Core
[116.4559,39.92201,4931.38], 7, Core
[116.45548,39.91179,4933.81], 7, Core
[116.4545,39.90741,4934.4], 7, Core
[116.44406,39.90758,4936.83], 7, Core
[116.44964,39.90694,4937.41], 7, Core
[116.44964,39.90694,4937.41], 7, Core
[116.45487,39.88392,4939.85], 7, Core
[116.45485,39.88371,4940.43], 7, Core
[116.44999,39.88159,4942.86], 7, Core
[116.44995,39.88238,4943.45], 7, Core
[116.43854,39.89337,4945.88], 7, Core
[116.43036,39.89239,4946.46], 7, Core
[116.41218,39.89573,4949.48], 7, Core
[116.42544,39.89358,4951.91], 7, Core
[116.42637,39.89237,4952.5], 7, Core
[116.43261,39.8922,4954.93], 7, Core
[116.43328,39.89223,4955.51], 7, Core
[116.44923,39.88465,4957.95], 7, Core
[116.44781,39.88353,4958.53], 7, Core
[116.44786,39.88303,4960.96], 7, Core
[116.45554,39.90091,4963.98], 7, Core
[116.45573,39.90891,4964.56], 7, Core
[116.4635,39.91955,4967.0], 7, Core
[116.46176,39.92203,4967.58], 7, Core
[116.45014,39.93243,4970.01], 7, Core
[116.44477,39.93244,4970.6], 7, Core
[116.44477,39.93244,4970.6], 7, Core
[116.42702,39.94738,4973.61], 7, Core
[116.41908,39.95209,4976.05], 7, Core
[116.41906,39.95479,4976.63], 7, Core
[116.412,39.96582,4979.06], 7, Core
[116.412,39.96582,4979.06], 7, Core
[116.41186,39.96736,4979.65], 7, Core
[116.38617,39.96745,4982.08], 7, Border
[116.37528,39.96709,4982.66], 7, Border
[116.36364,39.98018,4985.1], 7, Border
[116.36364,39.98018,4985.1], 7, Border
[116.36413,39.98049,4985.68], 7, Border
[116.36341,39.98089,4988.11], 7, Border
[116.36351,39.97744,4988.7], 7, Border
[116.34793,39.96645,4991.13], 7, Border
[116.33638,39.96653,4991.71], 7, Border
[116.4446,39.92156,5037.94], 7, Core
[116.54723,39.90841,5079.93], 7, Border
[116.45533,39.88012,5093.0], 7, Core
[116.48347,39.91954,5055.93], 7, Core
[116.43883,39.87467,5110.65], 7, Core
[116.40047,39.92594,5043.94], 7, Core
[116.48503,39.91422,5031.93], 7, Core
[116.35111,39.86708,5120.15], 7, Border
[116.40728,39.86783,5113.67], 7, Border
[116.40739,39.86517,5114.12], 7, Border
[116.45488,39.87897,5051.58], 7, Core
[116.45449,39.87,5023.03], 7, Core
[116.45516,39.8746,5092.56], 7, Core
[116.34302,39.89617,5011.54], 7, Border
[116.4181,39.91635,5072.5], 7, Core
[116.46679,39.88305,5095.57], 7, Core
[116.45764,39.88086,5026.6], 7, Core
[116.53174,39.91536,5067.93], 7, Border
[116.35784,39.86742,5013.98], 7, Border
[116.41807,39.91637,5083.95], 7, Core
[116.41811,39.91632,5071.39], 7, Core
[116.42504,39.91414,5086.52], 7, Core
[116.46154,39.87664,5104.62], 7, Core
[116.36084,39.86834,5119.71], 7, Border
[116.41814,39.91632,5071.08], 7, Core
[116.45506,39.8949,5102.05], 7, Core
[116.42337,39.90727,5068.37], 7, Core
[116.44715,39.88308,5108.08], 7, Core
[116.52195,39.916,5025.93], 7, Border
[116.45627,39.89218,5098.59], 7, Core
[116.46154,39.875,5105.07], 7, Border
[116.44152,39.93236,5049.93], 7, Core
[116.36847,39.86868,5017.58], 7, Border
[116.43987,39.88317,5089.98], 7, Core
[116.45292,39.88299,5107.64], 7, Core
[116.43905,39.88279,5089.54], 7, Core
[116.36742,39.86418,5017.0], 7, Border
[116.36206,39.86527,5014.56], 7, Border
[116.41835,39.86997,5020.02], 7, Core
[116.50789,39.93128,5061.93], 7, Border
[116.45494,39.8732,5023.61], 7, Core
[116.45576,39.89825,5101.61], 7, Core
[116.4285,39.91294,5086.97], 7, Core
[116.39535,39.86409,5116.69], 7, Border
[116.47134,39.88514,5096.02], 7, Core
[116.45595,39.89224,5099.03], 7, Core
[116.3505,39.8996,5010.97], 7, Border
[116.45472,39.87197,5052.04], 7, Core
[116.32846,39.90973,5008.53], 7, Border
[116.43173,39.86924,5020.59], 7, Core
[116.43688,39.86975,5111.1], 7, Core
