[116.50426,39.86591,-704.0], 0, Noise
[116.5042,39.86504,-659.0], 0, Noise
[116.50403,39.86164,-402.0], 0, Noise
[116.50251,39.86249,-358.0], 0, Noise
[116.49526,39.87583,-101.0], 0, Noise
[116.49155,39.87773,-56.0], 0, Noise
[116.4683,39.88307,201.0], 0, Noise
[116.46616,39.8831,246.0], 0, Noise
[116.45629,39.88071,502.0], 0, Noise
[116.4554,39.8807,547.0], 0, Noise
[116.4553,39.88958,804.0], 0, Noise
[116.45538,39.89094,849.0], 0, Noise
[116.45645,39.89955,1106.0], 0, Noise
[116.45626,39.9052,1407.0], 0, Noise
[116.44961,39.90748,1709.0], 0, Noise
[116.4472,39.90833,1754.0], 0, Noise
[116.44434,39.91649,2011.0], 0, Noise
[116.44419,39.92078,2056.0], 0, Noise
[116.44429,39.93023,2312.0], 0, Noise
[116.4443,39.93021,2357.0], 0, Noise
[116.44921,39.92884,2614.0], 0, Noise
[116.44921,39.92884,2614.0], 0, Noise
[116.44922,39.92884,2659.0], 0, Noise
